0.000000	0.000000	0.000000	0.000000	0.000000	0.000000	0.000000	0.000000	0.000000	0.000000	0.000115
0.000000	0.000000	0.000000	0.000000	0.000000	0.000000	0.000000	0.000000	0.000000	0.000000	0.091247
0.000000	0.000000	0.000000	0.000000	0.000000	0.000000	0.000000	0.000000	0.000000	0.000000	0.182037
0.000000	0.000000	0.000000	0.000000	0.000000	0.000000	0.000000	0.000000	0.000000	0.000000	0.273257
0.000000	0.000000	0.000000	0.000000	0.000000	1.000000	0.000000	0.000000	0.000000	0.000000	0.364262
0.000000	0.000000	0.000000	0.000000	0.000000	1.000000	0.000000	0.000000	0.000000	0.000000	0.454979
0.000000	0.000000	0.000000	0.000000	0.000000	1.000000	0.000000	0.000000	0.000000	0.000000	0.545667
0.000000	0.000000	0.000000	0.000000	0.000000	1.000000	0.000000	0.000000	0.000000	0.000000	0.636602
0.000000	0.000000	0.000000	0.000000	0.000000	1.000000	0.000000	0.000000	0.000000	0.000000	0.727519
0.000000	0.000000	0.000000	0.000000	0.000000	1.000000	0.000000	0.000000	0.000000	0.000000	0.818847
0.000000	0.000000	0.000000	0.000000	0.000000	1.000000	0.000000	0.000000	-1.999695	0.174524	0.909366
0.000000	0.000000	0.000000	0.000000	0.000000	1.000000	0.000000	0.000000	-1.999695	0.174524	1.000236
-0.100000	0.000000	0.000000	0.000000	0.008726	0.999962	-1.000000	0.174524	-1.999695	0.174524	1.091158
-0.199985	-0.001745	0.000000	0.000000	0.017452	0.999848	-0.999848	0.174524	-1.998782	0.348995	1.182061
-0.299924	-0.005235	0.000000	0.000000	0.034895	0.999391	-0.999391	0.348995	-1.995128	0.697565	1.273059
-0.399680	-0.012210	0.000000	0.000000	0.069724	0.997566	-0.997565	0.697565	-1.980536	1.391731	1.364274
-0.498708	-0.026121	0.000000	0.000000	0.138916	0.990304	-0.990277	1.391731	-1.922523	2.756374	1.454857
-0.594849	-0.053634	0.000000	0.000000	0.216186	0.976352	-0.961405	1.570796	-1.812616	4.226183	1.545683
-0.685501	-0.095849	0.000000	0.000000	0.292124	0.956381	-0.906527	1.570796	-1.812616	4.226183	1.636691
-0.768434	-0.151725	0.000000	0.000000	0.366260	0.930513	-0.829328	1.570796	-1.462707	6.819984	1.727510
-0.841605	-0.219887	0.000000	0.000000	0.438138	0.898908	-0.731707	1.570796	-1.462707	6.819984	1.818507
-0.903212	-0.298656	0.000000	0.000000	0.507315	0.861761	-0.616070	1.570796	-1.231323	7.880108	1.909309
-0.903212	-0.298656	0.000000	0.000000	0.507315	0.861761	-0.616070	1.570796	-0.969619	8.746197	2.000229
-0.950264	-0.383437	0.000000	0.000000	0.573364	0.819301	-0.470521	1.570796	-0.684040	9.396926	2.091460
-0.973693	-0.447703	0.000000	0.000000	0.635878	0.771790	-0.234289	1.570796	-0.381618	9.816272	2.182297
-0.980994	-0.485160	0.000000	0.000000	0.694472	0.719520	-0.073010	1.570796	-0.069799	9.993908	2.272970
-0.981241	-0.492136	0.000000	0.000000	0.748784	0.662814	-0.002472	1.570796	0.243739	9.925462	2.363905
-0.984199	-0.467942	0.000000	0.000000	0.798479	0.602022	-0.029579	1.570796	0.551275	9.612617	2.454793
-0.999367	-0.414942	0.000000	0.000000	0.843252	0.537518	-0.151677	1.570796	0.845237	9.063078	2.545685
-1.035048	-0.338319	0.000000	0.000000	0.882826	0.469701	-0.356815	1.570796	0.845237	9.063078	2.636616
-1.090924	-0.255387	0.000000	0.000000	0.916957	0.398987	-0.558763	1.570796	1.363997	7.313537	2.727507
-1.159086	-0.182216	0.000000	0.000000	0.945434	0.325813	-0.681619	1.570796	1.363997	7.313537	2.818462
-1.237855	-0.120609	0.000000	0.000000	0.968083	0.250631	-0.787691	1.570796	1.363997	7.313537	2.909439
-1.237855	-0.120609	0.000000	0.000000	0.968083	0.250631	-0.787691	1.570796	1.749239	4.848096	3.000511
-1.325292	-0.072083	0.000000	0.000000	0.984763	0.173904	-0.874368	1.570796	1.879385	3.420201	3.091208
-1.419244	-0.037832	0.000000	0.000000	0.995371	0.096104	-0.939515	1.570796	1.963254	1.908090	3.182048
-1.517396	-0.018700	0.000000	0.000000	0.999843	0.017712	-0.981528	1.570796	1.998782	0.348995	3.273280
-1.617334	-0.015158	0.000000	0.000000	1.000000	0.000263	-0.999373	0.348995	2.000000	0.000000	3.364001
-1.717334	-0.015106	0.000000	0.000000	1.000000	0.000263	-1.000000	0.000000	2.000000	0.000000	3.454779
-1.817334	-0.015053	0.000000	0.000000	1.000000	0.000263	-1.000000	0.000000	2.000000	0.000000	3.548429
-1.917334	-0.015000	0.000000	0.000000	1.000000	0.000263	-1.000000	0.000000	2.000000	0.000000	3.636759
-2.017334	-0.014948	0.000000	0.000000	1.000000	0.000263	-1.000000	0.000000	2.000000	0.000000	3.727664
-2.117334	-0.014895	0.000000	0.000000	1.000000	0.000263	-1.000000	0.000000	2.000000	0.000000	3.818481
-2.117334	-0.014895	0.000000	0.000000	1.000000	0.000263	-1.000000	0.000000	2.000000	0.000000	3.909571
-2.217334	-0.014843	0.000000	0.000000	1.000000	0.000263	-1.000000	0.000000	2.000000	0.000000	4.000293
-2.317334	-0.014790	0.000000	0.000000	1.000000	0.000263	-1.000000	0.000000	2.000000	0.000000	4.091147
-2.417334	-0.014737	0.000000	0.000000	1.000000	0.000263	-1.000000	0.000000	2.000000	0.000000	4.182064
-2.517334	-0.014685	0.000000	0.000000	1.000000	0.000263	-1.000000	0.000000	2.000000	0.000000	4.273467
-2.617334	-0.014632	0.000000	0.000000	1.000000	0.000263	-1.000000	0.000000	2.000000	0.000000	4.364169
-2.717334	-0.014580	0.000000	0.000000	1.000000	0.000263	-1.000000	0.000000	2.000000	0.000000	4.454800
-2.817333	-0.014527	0.000000	0.000000	1.000000	0.000263	-1.000000	0.000000	2.000000	0.000000	4.545732
-2.917333	-0.014474	0.000000	0.000000	1.000000	0.000263	-1.000000	0.000000	2.000000	0.000000	4.637234
-3.017333	-0.014422	0.000000	0.000000	1.000000	0.000263	-1.000000	0.000000	2.000000	0.000000	4.727664
-3.117333	-0.014369	0.000000	0.000000	1.000000	0.000263	-1.000000	0.000000	2.000000	0.000000	4.818442
-3.217333	-0.014317	0.000000	0.000000	1.000000	0.000263	-1.000000	0.000000	2.000000	0.000000	4.909465
-3.217333	-0.014317	0.000000	0.000000	1.000000	0.000263	-1.000000	0.000000	2.000000	0.000000	5.000241
-3.317333	-0.014264	0.000000	0.000000	1.000000	0.000263	-1.000000	0.000000	2.000000	0.000000	5.091586
-3.417333	-0.014212	0.000000	0.000000	1.000000	0.000263	-1.000000	0.000000	2.000000	0.000000	5.182741
-3.517333	-0.014159	0.000000	0.000000	1.000000	0.000263	-1.000000	0.000000	2.000000	0.000000	5.273034
-3.617333	-0.014106	0.000000	0.000000	1.000000	0.000263	-1.000000	0.000000	2.000000	0.000000	5.363898
-3.717333	-0.014054	0.000000	0.000000	1.000000	0.000263	-1.000000	0.000000	2.000000	0.000000	5.454997
-3.817333	-0.014001	0.000000	0.000000	1.000000	0.000263	-1.000000	0.000000	2.000000	0.000000	5.545713
-3.917333	-0.013949	0.000000	0.000000	1.000000	0.000263	-1.000000	0.000000	2.000000	0.000000	5.636629
-4.017333	-0.013896	0.000000	0.000000	1.000000	0.000263	-1.000000	0.000000	2.000000	0.000000	5.727776
-4.117333	-0.013843	0.000000	0.000000	1.000000	0.000263	-1.000000	0.000000	2.000000	0.000000	5.818741
-4.217333	-0.013791	0.000000	0.000000	1.000000	0.000263	-1.000000	0.000000	2.000000	0.000000	5.909299
-4.217333	-0.013791	0.000000	0.000000	1.000000	0.000263	-1.000000	0.000000	2.000000	0.000000	6.000241
-4.317333	-0.013738	0.000000	0.000000	1.000000	0.000263	-1.000000	0.000000	-1.175571	-8.090170	6.091142
-4.217333	-0.013791	0.000000	0.000000	0.996897	0.078721	1.000000	-1.570796	1.385843	-14.571599	6.182052
-4.316094	0.001905	0.000000	0.000000	0.987647	0.156694	-0.987606	-1.570796	1.680098	-12.600735	6.272973
-4.411183	0.032856	0.000000	0.000000	0.972309	0.233701	-0.950894	-1.570796	1.925678	-10.301796	6.363973
-4.500260	0.078302	0.000000	0.000000	0.950975	0.309267	-0.890768	-1.570796	2.116235	-7.741175	6.454866
-4.581131	0.137123	0.000000	0.000000	0.923779	0.382926	-0.808708	-1.570796	2.116235	-7.741175	6.545893
-4.651804	0.207871	0.000000	0.000000	0.890887	0.454225	-0.706735	-1.570796	2.314934	-2.131787	6.636746
-4.710540	0.288804	0.000000	0.000000	0.852503	0.522723	-0.587360	-1.570796	2.314934	-2.131787	6.727737
-4.755892	0.377928	0.000000	0.000000	0.871729	0.489989	-0.453522	0.759288	2.320153	-0.455665	6.818527
-4.807875	0.463356	0.000000	0.000000	0.860340	0.509721	-0.519821	-0.455665	2.320153	-0.455665	6.909803
-4.807875	0.463356	0.000000	0.000000	0.860340	0.509721	-0.519821	-0.455665	2.296890	0.451096	7.000629
-4.855911	0.551062	0.000000	0.000000	0.871617	0.490188	-0.480369	0.451096	2.297590	-0.150381	7.091184
-4.907855	0.636514	0.000000	0.000000	0.867906	0.496728	-0.519431	-0.150381	2.273621	0.148812	7.182069
-4.958507	0.722736	0.000000	0.000000	0.871578	0.490257	-0.506523	0.148812	2.273621	0.148812	7.273070
-5.010437	0.808196	0.000000	0.000000	0.875202	0.483758	-0.519297	0.148812	2.261462	-0.000000	7.363913
-5.063632	0.892873	0.000000	0.000000	0.875202	0.483758	-0.531956	0.000000	2.261462	-0.000000	7.454831
-5.116828	0.977550	0.000000	0.000000	0.875202	0.483758	-0.531956	0.000000	2.248958	0.147198	7.545722
-5.170023	1.062227	0.000000	0.000000	0.878738	0.477304	-0.531956	0.147198	2.248958	0.147198	7.636726
-5.224460	1.146112	0.000000	0.000000	0.878738	0.477304	-0.544363	-0.000000	2.223611	0.145539	7.727538
-5.278896	1.229997	0.000000	0.000000	0.882188	0.470897	-0.544363	0.145539	2.223611	0.145539	7.818449
-5.334547	1.313081	0.000000	0.000000	0.882188	0.470897	-0.556513	-0.000000	2.210767	-0.000000	7.909331
-5.334547	1.313081	0.000000	0.000000	0.882188	0.470897	-0.556513	-0.000000	2.197586	0.143835	8.000302
-5.390199	1.396165	0.000000	0.000000	0.885552	0.464540	-0.556513	0.143835	2.197586	-0.143835	8.091412
-5.447039	1.478440	0.000000	0.000000	0.882188	0.470897	-0.568405	-0.143835	2.184073	0.285923	8.182100
-5.502690	1.561524	0.000000	0.000000	0.888830	0.458237	-0.556513	0.285923	2.170892	-0.142088	8.273385
-5.560694	1.642983	0.000000	0.000000	0.885552	0.464540	-0.580038	-0.142088	2.157050	0.282386	8.364112
-5.617535	1.725258	0.000000	0.000000	0.892023	0.451991	-0.568405	0.282386	2.157379	-0.000000	8.454813
-5.676676	1.805895	0.000000	0.000000	0.892023	0.451991	-0.591409	-0.000000	2.157379	-0.000000	8.545753
-5.677494	1.807011	0.000000	0.000000	0.924736	0.380610	-0.008186	1.570796	0.013842	11.896003	8.636637
-5.696089	1.825440	0.000000	0.000000	0.951747	0.306883	-0.185947	1.570796	0.261798	11.733303	8.727522
-5.736340	1.854409	0.000000	0.000000	0.972891	0.231264	-0.402514	1.570796	0.495923	11.447202	8.818775
-5.801405	1.887194	0.000000	0.000000	0.988037	0.154218	-0.650649	1.570796	0.728582	10.724422	8.909489
-5.801405	1.887194	0.000000	0.000000	0.988037	0.154218	-0.650649	1.570796	0.942692	9.912043	9.000338
-5.891190	1.915922	0.000000	0.000000	0.997091	0.076223	-0.897851	1.570796	1.137831	8.683987	9.091477
-5.990028	1.931123	0.000000	0.000000	0.999997	-0.002243	-0.988380	1.570796	1.311171	7.410287	9.182275
-6.090027	1.930674	0.000000	0.000000	0.996739	-0.080695	-0.999990	1.570796	1.458871	5.940766	9.273005
-6.188725	1.914588	0.000000	0.000000	0.987335	-0.158650	-0.986977	1.570796	1.576981	4.304805	9.363884
-6.283691	1.883260	0.000000	0.000000	0.971844	-0.235626	-0.949661	1.570796	1.662157	2.536272	9.454908
-6.372587	1.837461	0.000000	0.000000	0.950361	-0.311150	-0.888961	1.570796	1.711751	0.672818	9.545792
-6.453224	1.778320	0.000000	0.000000	0.939358	-0.342939	-0.806372	0.672818	1.713839	-0.224364	9.636775
-6.529703	1.713892	0.000000	0.000000	0.943146	-0.332379	-0.764786	-0.224364	1.713839	-0.224364	9.727940
-6.607608	1.651195	0.000000	0.000000	0.939358	-0.342939	-0.779048	0.224364	1.713839	0.224364	9.818531
-6.684086	1.586767	0.000000	0.000000	0.939358	-0.342939	-0.764786	0.000000	1.749491	0.000000	9.909412
-6.684086	1.586767	0.000000	0.000000	0.939358	-0.342939	-0.764786	0.000000	1.749491	0.000000	10.000261
-6.760565	1.522339	0.000000	0.000000	0.939358	-0.342939	-0.764786	0.000000	1.766920	0.115648	10.091168
-6.837044	1.457910	0.000000	0.000000	0.937359	-0.348365	-0.764786	0.115648	1.766920	0.115648	10.182075
-6.912772	1.392602	0.000000	0.000000	0.935329	-0.353779	-0.757284	0.115648	1.784348	-0.000000	10.273055
-6.987740	1.326422	0.000000	0.000000	0.935329	-0.353779	-0.749681	0.000000	1.784348	-0.000000	10.364034
-7.062708	1.260242	0.000000	0.000000	0.935329	-0.353779	-0.749681	0.000000	1.801505	0.117911	10.454824
-7.137676	1.194062	0.000000	0.000000	0.933227	-0.359287	-0.749681	0.117911	1.801505	0.117911	10.545706
-7.211859	1.127003	0.000000	0.000000	0.931093	-0.364783	-0.741826	0.117911	1.818662	-0.000000	10.636839
-7.285246	1.059073	0.000000	0.000000	0.931093	-0.364783	-0.733867	0.000000	1.818662	-0.000000	10.727626
-7.358632	0.991144	0.000000	0.000000	0.928885	-0.370369	-0.733867	0.120139	1.852422	0.000000	10.818567
-7.431198	0.922338	0.000000	0.000000	0.928885	-0.370369	-0.725654	0.000000	1.852422	0.000000	10.909739
-7.431198	0.922338	0.000000	0.000000	0.928885	-0.370369	-0.725654	0.000000	1.869020	0.122330	11.000290
-7.503763	0.853532	0.000000	0.000000	0.926602	-0.376044	-0.725654	0.122330	1.885618	-0.000000	11.091434
-7.575481	0.783844	0.000000	0.000000	0.926602	-0.376044	-0.717182	0.000000	1.885618	-0.000000	11.182157
-7.647200	0.714155	0.000000	0.000000	0.926602	-0.376044	-0.717182	0.000000	1.885618	-0.000000	11.272987
-7.718918	0.644466	0.000000	0.000000	0.926602	-0.376044	-0.717182	0.000000	1.885618	-0.000000	11.363920
-7.790636	0.574778	0.000000	0.000000	0.926602	-0.376044	-0.717182	0.000000	1.885618	-0.000000	11.456036
-7.862354	0.505089	0.000000	0.000000	0.926602	-0.376044	-0.717182	0.000000	1.885618	-0.000000	11.545852
-7.934073	0.435401	0.000000	0.000000	0.926602	-0.376044	-0.717182	0.000000	1.885618	-0.000000	11.638976
-8.005791	0.365712	0.000000	0.000000	0.926602	-0.376044	-0.717182	0.000000	1.885618	-0.000000	11.727602
-8.077509	0.296024	0.000000	0.000000	0.926602	-0.376044	-0.717182	0.000000	1.885618	-0.000000	11.818932
-8.149227	0.226335	0.000000	0.000000	0.926602	-0.376044	-0.717182	0.000000	1.885618	-0.000000	11.910084
-8.149227	0.226335	0.000000	0.000000	0.926602	-0.376044	-0.717182	0.000000	1.885618	-0.000000	12.000366
-8.220946	0.156647	0.000000	0.000000	0.926602	-0.376044	-0.717182	0.000000	1.885618	-0.000000	12.091426
-8.292664	0.086958	0.000000	0.000000	0.926602	-0.376044	-0.717182	0.000000	1.885618	-0.000000	12.182153
-8.364382	0.017270	0.000000	0.000000	0.926602	-0.376044	-0.717182	0.000000	1.885618	-0.000000	12.272994
-8.436100	-0.052419	0.000000	0.000000	0.926602	-0.376044	-0.717182	0.000000	1.885618	-0.000000	12.363919
-8.507819	-0.122107	0.000000	0.000000	0.926602	-0.376044	-0.717182	0.000000	1.885618	-0.000000	12.454827
-8.579537	-0.191796	0.000000	0.000000	0.926602	-0.376044	-0.717182	0.000000	1.885618	-0.000000	12.545827
-8.651255	-0.261485	0.000000	0.000000	0.926602	-0.376044	-0.717182	0.000000	1.885618	-0.000000	12.636826
-8.722973	-0.331173	0.000000	0.000000	0.926602	-0.376044	-0.717182	0.000000	1.885618	-0.000000	12.727550
-8.794692	-0.400862	0.000000	0.000000	0.926602	-0.376044	-0.717182	0.000000	1.885618	-0.000000	12.818427
-8.794692	-0.400862	0.000000	0.000000	0.926602	-0.376044	-0.717182	0.000000	1.885618	-0.000000	12.909368
-8.866410	-0.470550	0.000000	0.000000	0.926602	-0.376044	-0.717182	0.000000	1.885618	-0.000000	13.000269
-8.938128	-0.540239	0.000000	0.000000	0.926602	-0.376044	-0.717182	0.000000	1.885618	-0.000000	13.091182
-9.009846	-0.609927	0.000000	0.000000	0.926602	-0.376044	-0.717182	0.000000	1.885618	-0.000000	13.182130
-9.081565	-0.679616	0.000000	0.000000	0.926602	-0.376044	-0.717182	0.000000	1.885618	-0.000000	13.273164
-9.153283	-0.749304	0.000000	0.000000	0.926602	-0.376044	-0.717182	0.000000	1.917947	-0.251084	13.364065
-9.225001	-0.818993	0.000000	0.000000	0.931250	-0.364381	-0.717182	-0.251084	1.917947	-0.251084	13.454823
-9.298446	-0.886859	0.000000	0.000000	0.928925	-0.370269	-0.734452	0.126600	1.949980	-0.255278	13.545747
-9.371027	-0.955649	0.000000	0.000000	0.933575	-0.358382	-0.725802	-0.255278	1.949980	-0.255278	13.637003
-9.445339	-1.022565	0.000000	0.000000	0.935861	-0.352369	-0.743124	-0.128678	1.997139	-0.130716	13.727675
-9.520506	-1.088518	0.000000	0.000000	0.938144	-0.346244	-0.751673	-0.130716	1.997139	-0.130716	13.818475
-9.520506	-1.088518	0.000000	0.000000	0.938144	-0.346244	-0.751673	-0.130716	2.027672	-0.132714	13.909380
-9.596529	-1.153484	0.000000	0.000000	0.940421	-0.340012	-0.760230	-0.132714	2.042785	-0.000000	14.000254
-9.673408	-1.217435	0.000000	0.000000	0.940421	-0.340012	-0.768784	0.000000	2.072074	-0.271261	14.091334
-9.750286	-1.281385	0.000000	0.000000	0.944946	-0.327226	-0.768784	-0.271261	2.086876	-0.136589	14.182143
-9.828871	-1.343228	0.000000	0.000000	0.947159	-0.320765	-0.785847	-0.136589	2.101362	0.000000	14.273016
-9.908293	-1.403991	0.000000	0.000000	0.947159	-0.320765	-0.794220	0.000000	2.129370	-0.278762	14.364316
-9.987715	-1.464754	0.000000	0.000000	0.951538	-0.307532	-0.794220	-0.278762	2.157379	-0.000000	14.454864
-10.068799	-1.523279	0.000000	0.000000	0.951538	-0.307532	-0.810848	0.000000	2.157379	-0.000000	14.545911
-10.149884	-1.581805	0.000000	0.000000	0.955837	-0.293898	-0.810848	-0.285923	2.197586	-0.143835	14.636650
-10.149884	-1.581805	0.000000	0.000000	0.955837	-0.293898	-0.810848	-0.285923	2.197586	-0.143835	14.727503
-10.232609	-1.637989	0.000000	0.000000	0.957926	-0.287016	-0.827248	-0.143835	2.223611	-0.145539	14.818424
-10.400449	-1.746744	0.000000	0.000000	0.964028	-0.265800	-0.843157	-0.296010	2.261117	-0.296010	14.909306
-10.400449	-1.746744	0.000000	0.000000	0.964028	-0.265800	-0.843157	-0.296010	2.285779	-0.000000	15.000245
-10.486319	-1.797991	0.000000	0.000000	0.964028	-0.265800	-0.858701	-0.000000	2.309049	-0.302285	15.091158
-10.572189	-1.849239	0.000000	0.000000	0.967935	-0.251199	-0.858701	-0.302285	2.320860	-0.151904	15.182467
-10.659569	-1.897868	0.000000	0.000000	0.969815	-0.243840	-0.873798	-0.151904	2.354168	-0.308191	15.273097
-10.747677	-1.945164	0.000000	0.000000	0.973458	-0.228868	-0.881084	-0.308191	2.376017	-0.000000	15.363897
-10.837201	-1.989722	0.000000	0.000000	0.973458	-0.228868	-0.895239	0.000000	2.396419	-0.313722	15.454964
-10.926725	-2.034281	0.000000	0.000000	0.976928	-0.213570	-0.895239	-0.313722	2.396419	-0.313722	15.545961
-11.017603	-2.076010	0.000000	0.000000	0.978593	-0.205806	-0.908775	-0.158816	2.454306	-0.321300	15.636621
-11.109132	-2.116290	0.000000	0.000000	0.981773	-0.190059	-0.915288	-0.321300	2.454306	-0.321300	15.727546
-11.201907	-2.153609	0.000000	0.000000	0.984719	-0.174148	-0.927755	-0.323632	2.489548	-0.000000	15.818431
-11.201907	-2.153609	0.000000	0.000000	0.984719	-0.174148	-0.927755	-0.323632	2.489548	-0.000000	15.909352
-11.295842	-2.187906	0.000000	0.000000	0.984719	-0.174148	-0.939345	-0.000000	2.512849	-0.493510	16.003018
-11.389776	-2.222203	0.000000	0.000000	0.988716	-0.149799	-0.939345	-0.493510	2.536151	-0.000000	16.091455
-11.485288	-2.251825	0.000000	0.000000	0.988716	-0.149799	-0.955120	-0.000000	2.555976	-0.501979	16.182109
-11.580800	-2.281447	0.000000	0.000000	0.992164	-0.124939	-0.955120	-0.501979	2.575802	0.000000	16.272986
-11.677678	-2.306239	0.000000	0.000000	0.992164	-0.124939	-0.968781	0.000000	2.592098	-0.509074	16.364459
-11.774556	-2.331031	0.000000	0.000000	0.995023	-0.099647	-0.968781	-0.509074	2.592098	-0.509074	16.455106
-11.872570	-2.350861	0.000000	0.000000	0.995023	-0.099647	-0.980141	-0.000000	2.621115	-0.514772	16.545719
-11.970584	-2.370691	0.000000	0.000000	0.997258	-0.074006	-0.980141	-0.514772	2.621115	-0.514772	16.636888
-12.069489	-2.385452	0.000000	0.000000	0.997258	-0.074006	-0.989046	0.000000	2.633836	0.000000	16.727639
-12.168394	-2.400213	0.000000	0.000000	0.998842	-0.048102	-0.989046	-0.519060	2.642947	-0.519060	16.818603
-12.267931	-2.409822	0.000000	0.000000	0.999223	-0.039424	-0.995372	-0.173727	2.654289	-0.173727	16.909522
-12.267931	-2.409822	0.000000	0.000000	0.999223	-0.039424	-0.995372	-0.173727	2.659766	-0.348198	17.000607
-12.367620	-2.417701	0.000000	0.000000	0.999757	-0.022023	-0.996891	-0.348198	2.664027	-0.174365	17.091291
-12.467523	-2.422104	0.000000	0.000000	0.999911	-0.013306	-0.999030	-0.174365	2.665854	-0.348995	17.182114
-12.567488	-2.424765	0.000000	0.000000	0.999991	0.004143	-0.999646	-0.348995	2.666667	0.000000	17.273074
-12.667484	-2.423937	0.000000	0.000000	0.999991	0.004143	-0.999966	0.000000	2.666667	-0.000000	17.364211
-12.767481	-2.423108	0.000000	0.000000	0.999991	0.004143	-0.999966	-0.000000	2.666667	0.000000	17.454822
-12.867477	-2.422280	0.000000	0.000000	0.999991	0.004143	-0.999966	0.000000	2.666667	-0.000000	17.545829
-12.967474	-2.421451	0.000000	0.000000	0.999991	0.004143	-0.999966	-0.000000	2.666667	-0.000000	17.636640
-13.067470	-2.420622	0.000000	0.000000	0.999991	0.004143	-0.999966	0.000000	2.666667	0.000000	17.727525
-13.167467	-2.419794	0.000000	0.000000	0.999991	0.004143	-0.999966	-0.000000	2.666667	-0.000000	17.818638
-13.267464	-2.418965	0.000000	0.000000	0.999991	0.004143	-0.999966	0.000000	2.666667	0.000000	17.909681
-13.267464	-2.418965	0.000000	0.000000	0.999991	0.004143	-0.999966	0.000000	2.666667	-0.000000	18.000402
-13.367460	-2.418136	0.000000	0.000000	0.999991	0.004143	-0.999966	-0.000000	2.666667	0.000000	18.091164
-13.467457	-2.417308	0.000000	0.000000	0.999991	0.004143	-0.999966	0.000000	2.666667	-0.000000	18.182163
-13.567453	-2.416479	0.000000	0.000000	0.999991	0.004143	-0.999966	-0.000000	2.666667	0.000000	18.273006
-13.667450	-2.415650	0.000000	0.000000	0.999991	0.004143	-0.999966	0.000000	2.666667	-0.000000	18.363970
-13.767446	-2.414822	0.000000	0.000000	0.999991	0.004143	-0.999966	-0.000000	2.666667	0.000000	18.454863
-13.867443	-2.413993	0.000000	0.000000	0.999991	0.004143	-0.999966	0.000000	2.666667	-0.000000	18.546044
-13.967440	-2.413165	0.000000	0.000000	0.999991	0.004143	-0.999966	-0.000000	2.666667	-0.000000	18.636737
-14.067436	-2.412336	0.000000	0.000000	0.999991	0.004143	-0.999966	0.000000	2.666667	-0.000000	18.727991
-14.167433	-2.411507	0.000000	0.000000	0.999991	0.004143	-0.999966	-0.000000	2.666667	-0.000000	18.818716
-14.267429	-2.410679	0.000000	0.000000	0.999991	0.004143	-0.999966	0.000000	2.666667	0.000000	18.909480
-14.267429	-2.410679	0.000000	0.000000	0.999991	0.004143	-0.999966	0.000000	2.666667	-0.000000	19.000272
-14.367426	-2.409850	0.000000	0.000000	0.999991	0.004143	-0.999966	-0.000000	2.666667	0.000000	19.091185
-14.467422	-2.409021	0.000000	0.000000	0.999991	0.004143	-0.999966	0.000000	2.666667	-0.000000	19.182084
-14.567419	-2.408193	0.000000	0.000000	0.999991	0.004143	-0.999966	-0.000000	2.666667	0.000000	19.273137
-14.667416	-2.407364	0.000000	0.000000	0.999991	0.004143	-0.999966	0.000000	2.666667	-0.000000	19.364087
-14.767412	-2.406536	0.000000	0.000000	0.999991	0.004143	-0.999966	-0.000000	2.666667	0.000000	19.454891
-14.867409	-2.405707	0.000000	0.000000	0.999991	0.004143	-0.999966	0.000000	2.666667	-0.000000	19.545781
-14.967405	-2.404878	0.000000	0.000000	0.999991	0.004143	-0.999966	-0.000000	2.666667	-0.000000	19.637096
-15.067402	-2.404050	0.000000	0.000000	0.999991	0.004143	-0.999966	0.000000	2.666667	-0.000000	19.727551
-15.067402	-2.404050	0.000000	0.000000	0.999991	0.004143	-0.999966	0.000000	2.666667	-0.000000	19.818690
-15.167398	-2.403221	0.000000	0.000000	0.999991	0.004143	-0.999966	-0.000000	2.661593	-0.871557	19.909490
-15.267395	-2.402392	0.000000	0.000000	0.998862	0.047703	-0.999966	-0.871557	2.656519	1.743115	20.000509
-15.366940	-2.392863	0.000000	0.000000	0.999525	-0.030814	-0.995449	1.570796	2.660171	-1.395129	20.091656
-15.466750	-2.399022	0.000000	0.000000	0.999242	0.038928	-0.998101	-1.395129	2.660171	1.395129	20.182186
-15.566447	-2.391243	0.000000	0.000000	0.999525	-0.030814	-0.996969	1.395129	2.660171	-1.395129	20.273246
-15.666257	-2.397403	0.000000	0.000000	0.999242	0.038928	-0.998101	-1.395129	2.660171	1.395129	20.363941
-15.765954	-2.389623	0.000000	0.000000	0.999525	-0.030814	-0.996969	1.395129	2.660171	-1.395129	20.454805
-15.865764	-2.395783	0.000000	0.000000	0.999242	0.038928	-0.998101	-1.395129	2.660171	1.395129	20.545805
-15.965461	-2.388003	0.000000	0.000000	0.999525	-0.030814	-0.996969	1.395129	2.660171	1.395129	20.636702
-16.065271	-2.394163	0.000000	0.000000	0.999242	0.038928	-0.998101	-1.395129	2.660171	1.395129	20.727543
-16.164968	-2.386383	0.000000	0.000000	0.999525	-0.030814	-0.996969	1.395129	2.660171	1.395129	20.818429
-16.264778	-2.392543	0.000000	0.000000	0.999242	0.038928	-0.998101	-1.395129	2.660171	-1.395129	20.909330
-16.264778	-2.392543	0.000000	0.000000	0.999242	0.038928	-0.998101	-1.395129	2.660171	1.395129	21.000266
-16.364475	-2.384763	0.000000	0.000000	0.999525	-0.030814	-0.996969	1.395129	2.660171	-1.395129	21.091163
-16.464285	-2.390923	0.000000	0.000000	0.999242	0.038928	-0.998101	-1.395129	2.660171	1.395129	21.182228
-16.563982	-2.383144	0.000000	0.000000	0.999525	-0.030814	-0.996969	1.395129	2.660171	-1.395129	21.273028
-16.663792	-2.389303	0.000000	0.000000	0.999242	0.038928	-0.998101	-1.395129	2.660171	1.395129	21.364221
-16.763489	-2.381524	0.000000	0.000000	0.999525	-0.030814	-0.996969	1.395129	2.660171	-1.395129	21.454816
-16.863299	-2.387684	0.000000	0.000000	0.999242	0.038928	-0.998101	-1.395129	2.660171	1.395129	21.545775
-16.962996	-2.379904	0.000000	0.000000	0.999525	-0.030814	-0.996969	1.395129	2.660171	1.395129	21.636616
-17.062806	-2.386064	0.000000	0.000000	0.994947	-0.100406	-0.998101	1.395129	2.660171	1.395129	21.727549
-17.160790	-2.406043	0.000000	0.000000	0.999757	-0.022034	-0.979837	-1.570796	2.608394	-4.158234	21.818638
-17.260693	-2.410449	0.000000	0.000000	0.999541	0.030296	-0.999029	-1.046719	2.663012	-1.046719	21.909392
-17.260693	-2.410449	0.000000	0.000000	0.999541	0.030296	-0.999029	-1.046719	2.663012	1.046719	22.000257
-17.360509	-2.404393	0.000000	0.000000	0.999757	-0.022034	-0.998164	1.046719	2.663012	-1.046719	22.091175
-17.460412	-2.408798	0.000000	0.000000	0.999541	0.030296	-0.999029	-1.046719	2.663012	1.046719	22.182251
-17.560229	-2.402742	0.000000	0.000000	0.999757	-0.022034	-0.998164	1.046719	2.664636	-0.697884	22.273221
-17.660131	-2.407148	0.000000	0.000000	0.999917	0.012858	-0.999029	-0.697884	2.661390	1.046081	22.363912
-17.760098	-2.404576	0.000000	0.000000	0.999222	-0.039435	-0.999669	1.046081	2.661390	1.046081	22.454827
-17.859787	-2.412457	0.000000	0.000000	0.999911	-0.013317	-0.996890	-0.522562	2.660781	-0.522562	22.545698
-17.959752	-2.415120	0.000000	0.000000	0.997859	-0.065407	-0.999645	1.042736	2.652879	1.042736	22.636587
-18.058896	-2.428173	0.000000	0.000000	0.999527	-0.030741	-0.991444	-0.694166	2.650443	-0.694166	22.727747
-18.058896	-2.428173	0.000000	0.000000	0.999527	-0.030741	-0.991444	-0.694166	2.638922	1.210525	22.818649
-18.158707	-2.434319	0.000000	0.000000	0.995838	-0.091145	-0.998110	1.210525	2.632231	-0.689397	22.909450
-18.257046	-2.452472	0.000000	0.000000	0.998387	-0.056772	-0.983385	-0.689397	2.622555	1.030817	23.000245
-18.356401	-2.463808	0.000000	0.000000	0.994137	-0.108131	-0.993554	1.030817	2.612237	-0.513029	23.091138
-18.454063	-2.485307	0.000000	0.000000	0.996583	-0.082597	-0.976615	-0.513029	2.600978	0.851709	23.182076
-18.552698	-2.501770	0.000000	0.000000	0.992163	-0.124949	-0.986355	0.851709	2.587061	-0.338680	23.272992
-18.649576	-2.526564	0.000000	0.000000	0.994137	-0.108131	-0.968775	-0.338680	2.574233	0.674207	23.364114
-18.747237	-2.548064	0.000000	0.000000	0.989927	-0.141576	-0.976615	0.674207	2.574233	0.674207	23.454927
-18.843229	-2.576094	0.000000	0.000000	0.989927	-0.141576	-0.959912	0.000000	2.563365	0.000000	23.545723
-18.939220	-2.604124	0.000000	0.000000	0.987427	-0.158077	-0.959912	0.333796	2.549758	0.333796	23.636621
-19.034222	-2.635342	0.000000	0.000000	0.987427	-0.158077	-0.950023	0.000000	2.536151	-0.000000	23.730985
-19.129224	-2.666560	0.000000	0.000000	0.983226	-0.182392	-0.950023	0.493510	2.512849	0.493510	23.818452
-19.222571	-2.702426	0.000000	0.000000	0.984684	-0.174349	-0.933466	-0.163478	2.497697	-0.163478	23.909532
-19.222571	-2.702426	0.000000	0.000000	0.984684	-0.174349	-0.933466	-0.163478	2.480263	0.487110	24.000357
-19.316492	-2.736762	0.000000	0.000000	0.980146	-0.198277	-0.939205	0.487110	2.463585	-0.161245	24.091450
-19.408629	-2.775630	0.000000	0.000000	0.981713	-0.190369	-0.921372	-0.161245	2.444656	0.480117	24.182137
-19.501381	-2.813008	0.000000	0.000000	0.976860	-0.213879	-0.927519	0.480117	2.426471	-0.158816	24.273137
-19.592232	-2.854793	0.000000	0.000000	0.978528	-0.206115	-0.908512	-0.158816	2.406069	0.472539	24.363970
-19.683735	-2.895131	0.000000	0.000000	0.973385	-0.229175	-0.915033	0.472539	2.386401	-0.156194	24.454944
-19.773231	-2.939746	0.000000	0.000000	0.975145	-0.221566	-0.894958	-0.156194	2.364552	0.464385	24.545710
-19.863413	-2.982958	0.000000	0.000000	0.969738	-0.244146	-0.901817	0.464385	2.364552	0.464385	24.636702
-19.951491	-3.030310	0.000000	0.000000	0.969738	-0.244146	-0.880785	-0.000000	2.354527	-0.000000	24.727546
-20.039570	-3.077661	0.000000	0.000000	0.965899	-0.258920	-0.880785	0.305284	2.331964	0.305284	24.818445
-20.126162	-3.127679	0.000000	0.000000	0.965899	-0.258920	-0.865921	0.000000	2.309401	-0.000000	24.909339
-20.126162	-3.127679	0.000000	0.000000	0.965899	-0.258920	-0.865921	0.000000	1.000000	8.660254	25.000407
-20.212754	-3.177698	0.000000	0.000000	0.942607	-0.333905	-0.865921	1.570796	2.254255	-2.225837	25.091229
-20.290455	-3.240646	0.000000	0.000000	0.965899	-0.258920	-0.777015	-1.570796	2.246903	0.735764	25.182180
-20.377048	-3.290664	0.000000	0.000000	0.955722	-0.294270	-0.865921	0.735764	2.236114	-0.292736	25.273077
-20.459729	-3.346912	0.000000	0.000000	0.959927	-0.280250	-0.826810	-0.292736	2.210430	0.289374	25.363979
-20.544021	-3.400716	0.000000	0.000000	0.955772	-0.294110	-0.842919	0.289374	0.340615	-13.783449	25.454900
-20.572189	-3.419865	0.000000	0.000000	0.975901	-0.218214	-0.281688	-1.570796	0.340615	-13.783449	25.545795
-20.628639	-3.446439	0.000000	0.000000	0.990013	-0.140973	-0.564497	-1.570796	0.623916	-13.214123	25.636992
-20.714280	-3.471333	0.000000	0.000000	0.998022	-0.062863	-0.856405	-1.570796	0.891853	-12.319421	25.727654
-20.813489	-3.483881	0.000000	0.000000	0.999878	0.015635	-0.992097	-1.570796	1.137831	-11.121374	25.818533
-20.913440	-3.480754	0.000000	0.000000	0.995569	0.094036	-0.999511	-1.570796	1.355791	-9.649482	25.909407
-20.913440	-3.480754	0.000000	0.000000	0.995569	0.094036	-0.999511	-1.570796	1.540367	-7.939988	26.000339
-21.011672	-3.462030	0.000000	0.000000	0.985122	0.171858	-0.982314	-1.570796	1.694782	-6.199504	26.091180
-21.105765	-3.428170	0.000000	0.000000	0.968601	0.248620	-0.940930	-1.570796	1.803226	-4.134760	26.182169
-21.193402	-3.380007	0.000000	0.000000	0.946109	0.323849	-0.876376	-1.570796	1.867267	-1.968205	26.273080
-21.272427	-3.318728	0.000000	0.000000	0.917783	0.397081	-0.790244	-1.570796	1.885331	0.246814	26.363894
-21.340892	-3.245841	0.000000	0.000000	0.922614	0.385725	-0.684653	0.246814	1.885331	0.246814	26.454828
-21.411135	-3.174666	0.000000	0.000000	0.927303	0.374311	-0.702432	0.246814	1.930724	-0.885661	26.545708
-21.483114	-3.105246	0.000000	0.000000	0.909824	0.414994	-0.719783	-0.885661	1.930724	-0.885661	26.636844
-21.548670	-3.029732	0.000000	0.000000	0.912475	0.409132	-0.655560	0.128678	2.012252	-0.263430	26.727524
-21.615192	-2.955067	0.000000	0.000000	0.907007	0.421115	-0.665222	-0.263430	2.012252	-0.263430	26.818418
-21.679724	-2.878676	0.000000	0.000000	0.904193	0.427124	-0.645325	-0.132714	2.027672	-0.132714	26.909612
-21.679724	-2.878676	0.000000	0.000000	0.904193	0.427124	-0.645325	-0.132714	2.057587	-0.134672	27.000365
-21.743237	-2.801436	0.000000	0.000000	0.901297	0.433203	-0.635130	-0.134672	2.086876	-0.136589	27.091445
-21.805704	-2.723347	0.000000	0.000000	0.898317	0.439348	-0.624671	-0.136589	2.101042	-0.275054	27.182240
-21.867099	-2.644412	0.000000	0.000000	0.892190	0.451660	-0.613947	-0.275054	2.143537	-0.140298	27.272987
-21.926300	-2.563819	0.000000	0.000000	0.889000	0.457908	-0.592006	-0.140298	2.184073	-0.285923	27.364568
-21.984364	-2.482403	0.000000	0.000000	0.882363	0.470570	-0.580641	-0.285923	2.197586	-0.143835	27.454786
-22.040077	-2.399360	0.000000	0.000000	0.878956	0.476903	-0.557128	-0.143835	2.236114	-0.292736	27.545760
-22.094589	-2.315525	0.000000	0.000000	0.871882	0.489717	-0.545126	-0.292736	2.273621	-0.148812	27.637200
-22.146625	-2.230130	0.000000	0.000000	0.868214	0.496191	-0.520355	-0.148812	2.273621	-0.148812	27.728786
-22.197384	-2.143970	0.000000	0.000000	0.860615	0.509256	-0.507590	-0.302285	2.309049	-0.302285	27.818707
-22.197384	-2.143970	0.000000	0.000000	0.860615	0.509256	-0.507590	-0.302285	2.343423	-0.153381	27.909410
-22.245515	-2.056315	0.000000	0.000000	0.856684	0.515841	-0.481317	-0.153381	2.364552	-0.464385	28.001122
-22.292297	-1.967933	0.000000	0.000000	0.844477	0.535592	-0.467817	-0.464385	2.396784	-0.000000	28.091499
-22.334925	-1.877474	0.000000	0.000000	0.844477	0.535592	-0.426283	-0.000000	2.425732	-0.476400	28.182137
-22.377554	-1.787015	0.000000	0.000000	0.831481	0.555553	-0.426283	-0.476400	2.463585	-0.161245	28.273070
-22.415826	-1.694629	0.000000	0.000000	0.826975	0.562239	-0.382721	-0.161245	2.489169	-0.325865	28.364103
-22.452603	-1.601637	0.000000	0.000000	0.817705	0.575638	-0.367775	-0.325865	2.520999	-0.330031	28.455450
-22.486332	-1.507497	0.000000	0.000000	0.808095	0.589052	-0.337283	-0.330031	2.542374	-0.499308	28.545695
-22.516935	-1.412295	0.000000	0.000000	0.793139	0.609041	-0.306036	-0.499308	2.563365	0.000000	28.636633
-22.542749	-1.315684	0.000000	0.000000	0.793139	0.609041	-0.258139	0.000000	2.563365	0.000000	28.727547
-22.568563	-1.219073	0.000000	0.000000	0.772064	0.635544	-0.258139	-0.677257	2.608394	-0.000000	28.818447
-22.587780	-1.120937	0.000000	0.000000	0.772064	0.635544	-0.192167	-0.000000	2.608394	-0.000000	28.909345
-22.587780	-1.120937	0.000000	0.000000	0.772064	0.635544	-0.192167	-0.000000	2.624554	-0.687386	29.000271
-22.606996	-1.022801	0.000000	0.000000	0.749769	0.661699	-0.192167	-0.687386	2.640715	-0.000000	29.091554
-22.619427	-0.923576	0.000000	0.000000	0.749769	0.661699	-0.124309	-0.000000	2.650443	-0.694166	29.182209
-22.631858	-0.824352	0.000000	0.000000	0.726356	0.687319	-0.124309	-0.694166	2.660171	-0.000000	29.273075
-22.637377	-0.724504	0.000000	0.000000	0.726356	0.687319	-0.055186	-0.000000	2.663419	-0.697565	29.364498
-22.642895	-0.624657	0.000000	0.000000	0.701947	0.712229	-0.055186	-0.697565	2.663419	-0.697565	29.454930
-22.641441	-0.524667	0.000000	0.000000	0.708135	0.706077	0.014542	0.174524	2.666464	-0.174524	29.545815
-22.641732	-0.424668	0.000000	0.000000	0.701947	0.712229	-0.002910	-0.174524	2.666464	-0.174524	29.636617
-22.641732	-0.424668	0.000000	0.000000	0.701947	0.712229	-0.002910	-0.174524	2.666464	0.174524	29.727534
-22.640569	-0.224679	0.000000	0.000000	0.701947	0.712229	-0.002910	-0.174524	2.666464	-0.174524	29.818459
-22.640569	-0.224679	0.000000	0.000000	0.701947	0.712229	-0.002910	-0.174524	2.666464	0.174524	29.909399
-22.639115	-0.124689	0.000000	0.000000	0.708135	0.706077	0.014542	0.174524	2.666464	-0.174524	30.000259
-22.639406	-0.024690	0.000000	0.000000	0.701947	0.712229	-0.002910	-0.174524	2.666464	0.174524	30.091154
-22.637952	0.075300	0.000000	0.000000	0.708135	0.706077	0.014542	0.174524	2.666464	-0.174524	30.182084
-22.638243	0.175299	0.000000	0.000000	0.701947	0.712229	-0.002910	-0.174524	2.666464	0.174524	30.272988
-22.636789	0.275289	0.000000	0.000000	0.708135	0.706077	0.014542	0.174524	2.666464	-0.174524	30.363917
-22.637080	0.375288	0.000000	0.000000	0.701947	0.712229	-0.002910	-0.174524	2.666464	-0.174524	30.454843
-22.637080	0.375288	0.000000	0.000000	0.701947	0.712229	-0.002910	-0.174524	2.666464	0.174524	30.545847
-22.635917	0.575277	0.000000	0.000000	0.701947	0.712229	-0.002910	-0.174524	2.666464	0.174524	30.636719
-22.634462	0.675267	0.000000	0.000000	0.708135	0.706077	0.014542	0.174524	2.666464	0.174524	30.727526
-22.634753	0.775266	0.000000	0.000000	0.701947	0.712229	-0.002910	-0.174524	2.666464	-0.174524	30.818519
-22.634753	0.775266	0.000000	0.000000	0.701947	0.712229	-0.002910	-0.174524	2.666464	0.174524	30.909504
-22.633299	0.875256	0.000000	0.000000	0.708135	0.706077	0.014542	0.174524	2.666464	-0.174524	31.000386
-22.633590	0.975255	0.000000	0.000000	0.701947	0.712229	-0.002910	-0.174524	2.666464	0.174524	31.091751
-22.632136	1.075245	0.000000	0.000000	0.708135	0.706077	0.014542	0.174524	2.666464	-0.174524	31.182354
-22.632427	1.175244	0.000000	0.000000	0.701947	0.712229	-0.002910	-0.174524	2.666464	0.174524	31.273420
-22.630973	1.275234	0.000000	0.000000	0.708135	0.706077	0.014542	0.174524	2.666464	-0.174524	31.364160
-22.631264	1.375233	0.000000	0.000000	0.701947	0.712229	-0.002910	-0.174524	2.666464	0.174524	31.455238
-22.629810	1.475223	0.000000	0.000000	0.708135	0.706077	0.014542	0.174524	2.666464	-0.174524	31.546007
-22.630101	1.575222	0.000000	0.000000	0.701947	0.712229	-0.002910	-0.174524	2.666464	-0.174524	31.636749
-22.628647	1.675212	0.000000	0.000000	0.708135	0.706077	0.014542	0.174524	2.666464	0.174524	31.727543
-22.628938	1.775211	0.000000	0.000000	0.701947	0.712229	-0.002910	-0.174524	2.666464	-0.174524	31.818435
-22.628938	1.775211	0.000000	0.000000	0.701947	0.712229	-0.002910	-0.174524	2.666464	0.174524	31.909361
-22.627484	1.875201	0.000000	0.000000	0.708135	0.706077	0.014542	0.174524	2.666464	0.174524	32.000260
-22.627775	1.975200	0.000000	0.000000	0.714269	0.699871	-0.002910	0.174524	2.666464	-0.174524	32.091343
-22.629811	2.075180	0.000000	0.000000	0.708135	0.706077	-0.020361	-0.174524	2.665651	-0.523519	32.182432
-22.630102	2.175179	0.000000	0.000000	0.689412	0.724369	-0.002910	-0.523519	2.666464	-0.174524	32.273034
-22.625160	2.275057	0.000000	0.000000	0.683065	0.730357	0.049421	-0.174524	2.666464	-0.174524	32.363885
-22.618475	2.374833	0.000000	0.000000	0.714262	0.699879	0.066844	0.872355	2.665651	-0.523519	32.454806
-22.620509	2.474813	0.000000	0.000000	0.695699	0.718333	-0.020340	-0.523519	2.665651	0.523519	32.545734
-22.617309	2.574761	0.000000	0.000000	0.714262	0.699879	0.032005	0.523519	2.665651	0.523519	32.636642
-22.619343	2.674741	0.000000	0.000000	0.695699	0.718333	-0.020340	-0.523519	2.665651	0.523519	32.727593
-22.616142	2.774689	0.000000	0.000000	0.714262	0.699879	0.032005	0.523519	2.665651	0.523519	32.818517
-22.618176	2.874669	0.000000	0.000000	0.695699	0.718333	-0.020340	-0.523519	2.665651	-0.523519	32.909316
-22.618176	2.874669	0.000000	0.000000	0.695699	0.718333	-0.020340	-0.523519	2.665651	0.523519	33.000243
-22.614976	2.974618	0.000000	0.000000	0.714262	0.699879	0.032005	0.523519	2.665651	-0.523519	33.091448
-22.617010	3.074597	0.000000	0.000000	0.695699	0.718333	-0.020340	-0.523519	2.665651	0.523519	33.182150
-22.613809	3.174546	0.000000	0.000000	0.714262	0.699879	0.032005	0.523519	2.665651	-0.523519	33.273378
-22.615843	3.274525	0.000000	0.000000	0.695699	0.718333	-0.020340	-0.523519	2.665651	0.523519	33.364512
-22.612643	3.374474	0.000000	0.000000	0.714262	0.699879	0.032005	0.523519	2.665651	-0.523519	33.459110
-22.614677	3.474453	0.000000	0.000000	0.695699	0.718333	-0.020340	-0.523519	2.665651	0.523519	33.545698
-22.611476	3.574402	0.000000	0.000000	0.714262	0.699879	0.032005	0.523519	2.665651	0.523519	33.636631
-22.613510	3.674381	0.000000	0.000000	0.732335	0.680944	-0.020340	0.523519	2.665651	-0.523519	33.727649
-22.622807	3.874096	0.000000	0.000000	0.695699	0.718333	-0.020340	-0.523519	2.665651	0.523519	33.818493
-22.621641	4.074024	0.000000	0.000000	0.732335	0.680944	-0.020340	0.523519	2.665651	-0.523519	33.910506
-22.630938	4.273740	0.000000	0.000000	0.695699	0.718333	-0.020340	-0.523519	2.665651	-0.523519	34.000354
-22.619311	4.473333	0.000000	0.000000	0.657157	0.753754	0.084262	-0.523519	2.643752	2.610424	34.091170
-22.607718	4.672379	0.000000	0.000000	0.695708	0.718325	-0.020364	-0.523519	2.665651	-0.523519	34.182074
-22.596096	4.871972	0.000000	0.000000	0.657166	0.753746	0.084239	-0.523519	2.665651	-0.523519	34.273608
-22.582470	4.971040	0.000000	0.000000	0.714279	0.699861	0.136265	1.570796	2.665651	-0.523519	34.364250
-22.581313	5.170968	0.000000	0.000000	0.714279	0.699861	0.031957	0.523519	2.665651	-0.523519	34.454852
-22.580156	5.370896	0.000000	0.000000	0.676678	0.736279	0.031957	-0.523519	2.665651	0.523519	34.546334
-22.568539	5.570489	0.000000	0.000000	0.749875	0.661580	0.031957	1.569122	2.658345	1.569122	34.636718
-22.581001	5.669710	0.000000	0.000000	0.695656	0.718375	-0.124625	-1.570796	2.665651	0.523519	34.727511
-22.579811	5.869638	0.000000	0.000000	0.732294	0.680988	-0.020220	0.523519	2.658345	-1.569122	34.818440
-22.589084	6.069354	0.000000	0.000000	0.657166	0.753746	-0.020220	-1.569122	2.658345	-1.569122	34.909347
-22.575457	6.168421	0.000000	0.000000	0.596069	0.802933	0.136265	-1.569122	2.643752	2.610424	35.000491
-22.532907	6.363212	0.000000	0.000000	0.714337	0.699802	0.136099	1.570796	2.665651	-0.523519	35.091375
-22.531784	6.563140	0.000000	0.000000	0.676739	0.736223	0.031790	-0.523519	2.658345	1.569122	35.182214
-22.520200	6.762736	0.000000	0.000000	0.749930	0.661517	0.031790	1.569122	2.643752	-2.610424	35.273094
-22.552372	7.060363	0.000000	0.000000	0.657166	0.753746	-0.020388	-1.570796	2.665651	-0.523519	35.363862
-22.519953	7.257648	0.000000	0.000000	0.695716	0.718317	0.187918	1.570796	2.665651	0.523519	35.454804
-22.518797	7.457576	0.000000	0.000000	0.732351	0.680927	-0.020388	0.523519	2.658345	-1.569122	35.545827
-22.526064	7.557312	0.000000	0.000000	0.676730	0.736231	-0.072677	-1.569122	2.658345	-1.569122	35.636733
-22.493782	7.754066	0.000000	0.000000	0.553366	0.832938	0.238755	-1.569122	2.472490	7.492132	35.727529
-22.431165	7.943362	0.000000	0.000000	0.676854	0.736118	0.238592	1.570796	2.592888	4.668729	35.818591
-22.422791	8.043011	0.000000	0.000000	0.732522	0.680743	0.083738	1.570796	2.592888	-4.668729	35.909423
-22.452938	8.240102	0.000000	0.000000	0.732522	0.680743	-0.228292	-1.570796	2.658345	-1.569122	36.000647
-22.451882	8.439482	0.000000	0.000000	0.617078	0.786902	0.083738	-1.569122	2.658345	-1.569122	36.091307
-22.389313	8.628795	0.000000	0.000000	0.617078	0.786902	0.387263	1.569122	2.472490	7.492132	36.183123
-22.357096	8.825560	0.000000	0.000000	0.732522	0.680743	0.083738	1.570796	2.658345	1.569122	36.273888
-22.387227	9.022655	0.000000	0.000000	0.732465	0.680804	-0.228129	-1.570796	2.592888	-4.668729	36.364014
-22.386138	9.222036	0.000000	0.000000	0.616946	0.787005	0.083905	-1.570796	2.592888	4.668729	36.455151
-22.353872	9.418791	0.000000	0.000000	0.732465	0.680804	0.083905	1.570796	2.658345	1.569122	36.545939
-22.383970	9.615891	0.000000	0.000000	0.829855	0.557979	-0.227966	1.569122	2.463585	-7.653377	36.636731
-22.444482	9.805870	0.000000	0.000000	0.732351	0.680927	-0.227803	-1.570796	2.592888	-4.668729	36.727833
-22.443326	10.005250	0.000000	0.000000	0.732294	0.680988	0.084239	1.569122	2.658345	1.569122	36.818543
-22.450577	10.104987	0.000000	0.000000	0.676669	0.736287	-0.072510	-1.569122	2.658345	1.569122	36.909551
-22.418261	10.301735	0.000000	0.000000	0.676669	0.736287	0.238917	1.569122	2.658345	1.569122	37.000336
-22.417088	10.501117	0.000000	0.000000	0.783415	0.621499	-0.072510	1.569122	2.592888	-4.668729	37.091255
-22.447070	10.698233	0.000000	0.000000	0.676546	0.736401	-0.072343	-1.570796	2.658345	1.569122	37.183009
-22.445831	10.897614	0.000000	0.000000	0.783311	0.621631	-0.072176	1.569122	2.658345	-1.569122	37.273677
-22.468546	10.995000	0.000000	0.000000	0.732180	0.681111	-0.227151	-1.569122	2.658345	-1.569122	37.363978
-22.467306	11.194381	0.000000	0.000000	0.616749	0.787160	0.084572	-1.569122	2.592888	4.668729	37.454805
-22.464874	11.588240	0.000000	0.000000	0.732180	0.681111	-0.227314	-1.570796	2.592888	-4.668729	37.545665
-22.472091	11.687979	0.000000	0.000000	0.676546	0.736401	-0.072176	-1.569122	2.658345	1.569122	37.636707
-22.463634	11.787621	0.000000	0.000000	0.732180	0.681111	0.084572	1.569122	2.658345	-1.569122	37.727528
-22.462394	11.987002	0.000000	0.000000	0.616749	0.787160	0.084572	-1.569122	2.658345	-1.569122	37.818684
-22.399667	12.176262	0.000000	0.000000	0.486163	0.873868	0.388034	-1.569122	2.463585	7.653377	37.909438
-22.308150	12.353402	0.000000	0.000000	0.616880	0.787057	0.387880	1.570796	2.592888	4.668729	38.000261
-22.275851	12.550152	0.000000	0.000000	0.732408	0.680866	0.084072	1.570796	2.658345	-1.569122	38.091209
-22.274745	12.749533	0.000000	0.000000	0.732408	0.680866	0.083905	1.569122	2.658345	-1.569122	38.182074
-22.282029	12.849268	0.000000	0.000000	0.676792	0.736174	-0.072844	-1.569122	2.658345	1.569122	38.272976
-22.303703	13.146020	0.000000	0.000000	0.732408	0.680866	-0.227803	-1.569122	2.658345	-1.569122	38.363971
-22.302597	13.345402	0.000000	0.000000	0.617012	0.786954	0.083905	-1.569122	2.658345	-1.569122	38.454834
-22.270364	13.542163	0.000000	0.000000	0.732522	0.680743	0.083738	1.570796	2.658345	1.569122	38.546020
-22.277682	13.641895	0.000000	0.000000	0.783623	0.621237	-0.073178	1.569122	2.592888	-4.668729	38.636686
-22.307796	13.838991	0.000000	0.000000	0.676792	0.736174	-0.073011	-1.570796	2.658345	1.569122	38.727610
-22.306690	14.038372	0.000000	0.000000	0.783519	0.621368	-0.072844	1.569122	2.658345	-1.569122	38.818426
-22.336755	14.235478	0.000000	0.000000	0.676792	0.736174	-0.072844	-1.569122	2.658345	1.569122	38.909322
-22.335649	14.434859	0.000000	0.000000	0.783519	0.621368	-0.072844	1.569122	2.658345	-1.569122	39.000231
-22.358429	14.532230	0.000000	0.000000	0.732408	0.680866	-0.227803	-1.569122	2.592888	-4.668729	39.091202
-22.357306	14.731610	0.000000	0.000000	0.616880	0.787057	0.084072	-1.570796	2.658345	1.569122	39.182098
-22.324991	14.928359	0.000000	0.000000	0.732294	0.680988	0.084239	1.569122	2.658345	-1.569122	39.274007
-22.323818	15.127740	0.000000	0.000000	0.616880	0.787057	0.084239	-1.569122	2.592888	4.668729	39.363913
-22.291519	15.324490	0.000000	0.000000	0.732408	0.680866	0.084072	1.570796	2.658345	1.569122	39.454959
-22.321583	15.521595	0.000000	0.000000	0.829809	0.558048	0.000000	0.000000	2.463585	-7.653377	39.545839
-22.359300	15.614210	0.000000	0.000000	0.783467	0.621434	-0.377165	-1.570796	2.592888	-4.668729	39.636684
-22.389315	15.811321	0.000000	0.000000	0.676607	0.736344	-0.072510	-1.570796	2.658345	-1.569122	39.727619
-22.380874	15.910964	0.000000	0.000000	0.616814	0.787109	0.084405	-1.569122	2.658345	1.569122	39.818526
-22.318178	16.100235	0.000000	0.000000	0.616814	0.787109	0.387880	1.569122	2.658345	1.569122	39.909341
-22.294270	16.197335	0.000000	0.000000	0.676607	0.736344	0.239080	1.569122	2.463585	7.653377	40.000343
-22.293081	16.396715	0.000000	0.000000	0.783467	0.621434	-0.072510	1.570796	2.588951	-4.127239	40.091364
-22.315845	16.494090	0.000000	0.000000	0.732294	0.680988	-0.227640	-1.570796	2.505523	-5.566273	40.182210
-22.258739	16.885310	0.000000	0.000000	0.548475	0.836167	0.319926	-0.840659	2.567235	-0.840659	40.273361
-22.218904	16.977033	0.000000	0.000000	0.548475	0.836167	0.398350	-0.000000	2.502413	0.983594	40.364187
-22.179069	17.068757	0.000000	0.000000	0.588918	0.808193	0.398350	0.983594	2.502413	0.983594	40.455024
-22.127294	17.261689	0.000000	0.000000	0.564939	0.825133	0.211392	-1.570796	2.358307	-2.171728	40.545829
-22.040817	17.441342	0.000000	0.000000	0.428904	0.903350	0.503079	-1.570796	2.343423	0.153381	40.636697
-21.915597	17.597283	0.000000	0.000000	0.442709	0.896665	0.620123	0.153381	2.263239	1.634439	40.727651
-21.807162	17.764602	0.000000	0.000000	0.577528	0.816371	0.476335	1.570796	2.168123	-1.996590	40.819081
-21.726236	17.946824	0.000000	0.000000	0.442709	0.896665	0.476335	-1.570796	2.103475	-2.498682	40.909535
-21.592961	18.095119	0.000000	0.000000	0.364555	0.931182	0.724729	-0.138465	2.044439	1.747008	41.000430
-21.519541	18.163013	0.000000	0.000000	0.436491	0.899709	0.734200	1.570796	2.044439	1.747008	41.091227
-21.408800	18.328814	0.000000	0.000000	0.436491	0.899709	0.488464	-1.570796	1.942032	-3.496805	41.182229
-21.346904	18.407357	0.000000	0.000000	0.371876	0.928282	0.618952	-1.413298	1.949088	0.510478	41.273105
-21.205838	18.549041	0.000000	0.000000	0.378229	0.925712	0.687245	-0.373414	1.901349	-0.373414	41.363912
-21.134450	18.619067	0.000000	0.000000	0.378229	0.925712	0.713885	-0.000000	1.885618	-0.000000	41.454868
-21.063061	18.689093	0.000000	0.000000	0.378229	0.925712	0.713885	-0.000000	1.885618	-0.000000	41.546031
-20.991673	18.759119	0.000000	0.000000	0.378229	0.925712	0.713885	-0.000000	1.885618	-0.000000	41.636892
-20.920284	18.829146	0.000000	0.000000	0.378229	0.925712	0.713885	-0.000000	1.885618	-0.000000	41.727719
-20.848896	18.899172	0.000000	0.000000	0.378229	0.925712	0.713885	-0.000000	1.885618	-0.000000	41.818533
-20.777507	18.969198	0.000000	0.000000	0.378229	0.925712	0.713885	-0.000000	1.885618	-0.000000	41.909732
-20.634730	19.109251	0.000000	0.000000	0.378229	0.925712	0.713885	-0.000000	1.885618	-0.000000	42.000296
-20.563341	19.179277	0.000000	0.000000	0.378229	0.925712	0.713885	-0.000000	1.885618	-0.000000	42.091204
-20.491953	19.249303	0.000000	0.000000	0.378229	0.925712	0.713885	-0.000000	1.885618	-0.000000	42.182123
-20.349176	19.389356	0.000000	0.000000	0.378229	0.925712	0.713885	-0.000000	1.885618	-0.000000	42.273806
-20.277787	19.459382	0.000000	0.000000	0.378229	0.925712	0.713885	0.000000	1.885618	-0.000000	42.364096
-20.206399	19.529408	0.000000	0.000000	0.378229	0.925712	0.713885	-0.000000	1.885618	0.000000	42.455613
-20.135010	19.599434	0.000000	0.000000	0.378229	0.925712	0.713885	0.000000	1.885618	-0.000000	42.545906
-19.992233	19.739487	0.000000	0.000000	0.378229	0.925712	0.713885	0.000000	1.885618	0.000000	42.636651
-19.992233	19.739487	0.000000	0.000000	0.449694	0.893183	0.000000	1.570796	0.294976	13.968022	42.727566
-19.974666	19.763183	0.000000	0.000000	0.518386	0.855147	0.175673	1.570796	0.582688	13.449970	42.818475
-19.947713	19.814843	0.000000	0.000000	0.583882	0.811839	0.269524	1.570796	0.582688	13.449970	42.909429
-19.920477	19.896000	0.000000	0.000000	0.645778	0.763525	0.272365	1.570796	1.108339	11.441228	43.000734
-19.903883	19.994614	0.000000	0.000000	0.703693	0.710504	0.165942	1.570796	1.333333	10.000000	43.091226
-19.902919	20.094609	0.000000	0.000000	0.757269	0.653103	0.009633	1.570796	1.333333	10.000000	43.182146
-19.917611	20.193524	0.000000	0.000000	0.806177	0.591675	-0.146913	1.570796	1.680098	6.420395	43.273104
-19.947595	20.288923	0.000000	0.000000	0.850114	0.526599	-0.299841	1.570796	1.680098	6.420395	43.364094
-20.050130	20.459921	0.000000	0.000000	0.922026	0.387129	-0.579965	1.570796	1.862403	2.212317	43.454844
-20.120156	20.531310	0.000000	0.000000	0.949557	0.313594	-0.700262	1.570796	1.862403	2.212317	43.545798
-20.200488	20.590865	0.000000	0.000000	0.922026	0.387129	-0.803317	-1.570796	1.885618	-0.000000	43.636655
-20.270514	20.662253	0.000000	0.000000	0.922026	0.387129	-0.700262	0.000000	1.885618	-0.000000	43.727563
-20.410567	20.805030	0.000000	0.000000	0.922026	0.387129	-0.700262	0.000000	1.885618	-0.000000	43.818476
-20.410567	20.805030	0.000000	0.000000	0.922026	0.387129	-0.700262	0.000000	1.885618	-0.000000	43.909368
-20.480593	20.876419	0.000000	0.000000	0.922026	0.387129	-0.700262	0.000000	1.885618	-0.000000	44.000307
-20.620645	21.019196	0.000000	0.000000	0.922026	0.387129	-0.700262	0.000000	1.885618	-0.000000	44.091262
-20.690672	21.090585	0.000000	0.000000	0.922026	0.387129	-0.700262	0.000000	1.885618	-0.000000	44.182121
-20.830724	21.233362	0.000000	0.000000	0.922026	0.387129	-0.700262	0.000000	1.885618	-0.000000	44.273218
-20.900750	21.304750	0.000000	0.000000	0.922026	0.387129	-0.700262	0.000000	1.885618	-0.000000	44.364356
-20.970777	21.376139	0.000000	0.000000	0.922026	0.387129	-0.700262	0.000000	1.885618	-0.000000	44.455386
-21.040803	21.447527	0.000000	0.000000	0.922026	0.387129	-0.700262	0.000000	1.885618	-0.000000	44.546154
-21.110829	21.518916	0.000000	0.000000	0.922026	0.387129	-0.700262	0.000000	1.885618	-0.000000	44.636870
-21.250881	21.661693	0.000000	0.000000	0.922026	0.387129	-0.700262	0.000000	1.885618	-0.000000	44.727647
-21.320908	21.733081	0.000000	0.000000	0.922026	0.387129	-0.700262	0.000000	1.885618	-0.000000	44.818458
-21.390934	21.804470	0.000000	0.000000	0.922026	0.387129	-0.700262	0.000000	1.885618	-0.000000	44.909408
-21.530986	21.947247	0.000000	0.000000	0.922026	0.387129	-0.700262	0.000000	1.885618	-0.000000	45.000292
-21.601013	22.018636	0.000000	0.000000	0.922026	0.387129	-0.700262	0.000000	1.885618	-0.000000	45.091300
-21.671039	22.090024	0.000000	0.000000	0.922026	0.387129	-0.700262	0.000000	1.885618	-0.000000	45.182624
-21.741065	22.161413	0.000000	0.000000	0.922026	0.387129	-0.700262	0.000000	1.885618	-0.000000	45.273364
-21.811091	22.232801	0.000000	0.000000	0.922026	0.387129	-0.700262	0.000000	1.885618	-0.000000	45.364050
-21.881118	22.304190	0.000000	0.000000	0.922026	0.387129	-0.700262	0.000000	1.885618	-0.000000	45.454823
-21.951144	22.375578	0.000000	0.000000	0.922026	0.387129	-0.700262	0.000000	1.885618	-0.000000	45.545765
-22.021170	22.446967	0.000000	0.000000	0.922026	0.387129	-0.700262	0.000000	1.885618	-0.000000	45.636664
-22.161223	22.589744	0.000000	0.000000	0.922026	0.387129	-0.700262	0.000000	1.885618	-0.000000	45.727568
-22.231249	22.661133	0.000000	0.000000	0.922026	0.387129	-0.700262	0.000000	1.885618	-0.000000	45.818493
-22.301275	22.732521	0.000000	0.000000	0.922026	0.387129	-0.700262	0.000000	1.885618	-0.000000	45.909480
-22.441328	22.875298	0.000000	0.000000	0.922026	0.387129	-0.700262	0.000000	1.885618	-0.000000	46.000522
-22.511354	22.946687	0.000000	0.000000	0.922026	0.387129	-0.700262	0.000000	1.885618	-0.000000	46.091176
-22.581380	23.018075	0.000000	0.000000	0.922026	0.387129	-0.700262	0.000000	1.885618	-0.000000	46.182218
-22.651406	23.089464	0.000000	0.000000	0.922026	0.387129	-0.700262	0.000000	1.885618	-0.000000	46.273023
-22.603201	23.040320	0.000000	0.000000	0.888810	0.458277	0.482059	-1.570796	-1.862403	2.212317	46.363927
-22.475178	22.887468	0.000000	0.000000	0.922026	0.387129	0.700262	0.000000	-1.885618	-0.000000	46.454890
-22.405152	22.816079	0.000000	0.000000	0.922026	0.387129	0.700262	0.000000	-1.885618	-0.000000	46.545730
-22.335125	22.744690	0.000000	0.000000	0.922026	0.387129	0.700262	0.000000	-1.885618	-0.000000	46.636836
-22.195073	22.601913	0.000000	0.000000	0.922026	0.387129	0.700262	0.000000	-1.885618	-0.000000	46.727864
-22.125047	22.530525	0.000000	0.000000	0.922026	0.387129	0.700262	0.000000	-1.885618	-0.000000	46.818575
-22.055020	22.459136	0.000000	0.000000	0.922026	0.387129	0.700262	0.000000	-1.885618	-0.000000	46.909377
-21.984994	22.387748	0.000000	0.000000	0.922026	0.387129	0.700262	0.000000	-1.885618	-0.000000	47.000507
-21.914968	22.316359	0.000000	0.000000	0.922026	0.387129	0.700262	0.000000	-1.885618	-0.000000	47.091222
-21.844942	22.244971	0.000000	0.000000	0.922026	0.387129	0.700262	0.000000	-1.885618	-0.000000	47.182400
-21.774915	22.173582	0.000000	0.000000	0.922026	0.387129	0.700262	0.000000	-1.885618	-0.000000	47.273545
-21.704889	22.102193	0.000000	0.000000	0.922026	0.387129	0.700262	0.000000	-1.885618	-0.000000	47.364292
-21.564837	21.959416	0.000000	0.000000	0.922026	0.387129	0.700262	0.000000	-1.885618	-0.000000	47.454871
-21.494810	21.888028	0.000000	0.000000	0.922026	0.387129	0.700262	0.000000	-1.885618	-0.000000	47.546249
-21.354758	21.745251	0.000000	0.000000	0.922026	0.387129	0.700262	0.000000	-1.885618	-0.000000	47.636969
-21.284732	21.673862	0.000000	0.000000	0.922026	0.387129	0.700262	0.000000	-1.885618	-0.000000	47.727601
-21.214705	21.602474	0.000000	0.000000	0.922026	0.387129	0.700262	0.000000	-1.885618	-0.000000	47.818484
-21.144679	21.531085	0.000000	0.000000	0.922026	0.387129	0.700262	0.000000	-1.885618	-0.000000	47.909501
-21.074653	21.459697	0.000000	0.000000	0.922026	0.387129	0.700262	0.000000	-1.885618	-0.000000	48.000284
-21.004627	21.388308	0.000000	0.000000	0.922026	0.387129	0.700262	0.000000	-1.885618	-0.000000	48.091180
-20.934600	21.316919	0.000000	0.000000	0.922026	0.387129	0.700262	0.000000	-1.885618	-0.000000	48.182122
-20.794548	21.174142	0.000000	0.000000	0.922026	0.387129	0.700262	0.000000	-1.885618	-0.000000	48.273001
-20.724522	21.102754	0.000000	0.000000	0.922026	0.387129	0.700262	0.000000	-1.885618	-0.000000	48.364690
-20.654495	21.031365	0.000000	0.000000	0.922026	0.387129	0.700262	0.000000	-1.885618	-0.000000	48.455022
-20.514443	20.888588	0.000000	0.000000	0.922026	0.387129	0.700262	0.000000	-1.885618	-0.000000	48.545742
-20.444417	20.817200	0.000000	0.000000	0.922026	0.387129	0.700262	0.000000	-1.885618	-0.000000	48.636643
-20.374390	20.745811	0.000000	0.000000	0.922026	0.387129	0.700262	0.000000	-1.885618	-0.000000	48.727562
-20.234338	20.603034	0.000000	0.000000	0.922026	0.387129	0.700262	0.000000	-1.885618	-0.000000	48.818439
-20.164312	20.531645	0.000000	0.000000	0.922026	0.387129	0.700262	0.000000	-1.885618	-0.000000	48.909450
-20.094285	20.460257	0.000000	0.000000	0.922026	0.387129	0.700262	0.000000	-1.885618	-0.000000	49.000363
-20.024259	20.388868	0.000000	0.000000	0.922026	0.387129	0.700262	0.000000	-1.885618	-0.000000	49.091320
-19.954233	20.317480	0.000000	0.000000	0.922026	0.387129	0.700262	0.000000	-1.885618	-0.000000	49.182477
-19.884207	20.246091	0.000000	0.000000	0.922026	0.387129	0.700262	0.000000	-1.885618	-0.000000	49.273101
-19.744154	20.103314	0.000000	0.000000	0.922026	0.387129	0.700262	0.000000	-1.885618	-0.000000	49.364245
-19.674128	20.031926	0.000000	0.000000	0.922026	0.387129	0.700262	0.000000	-1.885618	14.142136	49.454944
-19.604102	19.960537	0.000000	0.000000	0.949557	0.313594	0.700262	1.570796	-1.885618	14.142136	49.547027
-19.523770	19.900982	0.000000	0.000000	0.971234	0.238126	0.803317	1.570796	-2.376017	9.079810	49.636731
-19.435111	19.854727	0.000000	0.000000	0.986923	0.161190	0.886592	1.570796	-2.536151	6.180340	49.727815
-19.340307	19.822910	0.000000	0.000000	0.996528	0.083260	0.948036	1.570796	-2.536151	6.180340	49.818482
-19.141698	19.805353	0.000000	0.000000	0.999988	0.004817	0.999954	-0.000000	-2.666667	-0.000000	49.909398
-19.041703	19.804389	0.000000	0.000000	0.999988	0.004817	0.999954	0.000000	-2.666667	-0.000000	50.000340
-18.941708	19.803426	0.000000	0.000000	0.999988	0.004817	0.999954	-0.000000	-2.666667	0.000000	50.091223
-18.741717	19.801500	0.000000	0.000000	0.999988	0.004817	0.999954	0.000000	-2.666667	-0.000000	50.182450
-18.641722	19.800536	0.000000	0.000000	0.999988	0.004817	0.999954	-0.000000	-2.666667	-0.000000	50.273095
-18.541726	19.799573	0.000000	0.000000	0.999988	0.004817	0.999954	-0.000000	-2.666667	-0.000000	50.363915
-18.441731	19.798610	0.000000	0.000000	0.999988	0.004817	0.999954	-0.000000	-2.666667	-0.000000	50.454830
-18.341735	19.797646	0.000000	0.000000	0.999988	0.004817	0.999954	-0.000000	-2.666667	-0.000000	50.545754
-18.241740	19.796683	0.000000	0.000000	0.999988	0.004817	0.999954	-0.000000	-2.666667	-0.000000	50.636643
-18.041749	19.794757	0.000000	0.000000	0.999988	0.004817	0.999954	-0.000000	-2.666667	-0.000000	50.727568
-17.941754	19.793793	0.000000	0.000000	0.999988	0.004817	0.999954	-0.000000	-2.666667	-0.000000	50.818440
-17.841759	19.792830	0.000000	0.000000	0.999988	0.004817	0.999954	-0.000000	-2.666667	-0.000000	50.909695
-17.741763	19.791867	0.000000	0.000000	0.999988	0.004817	0.999954	-0.000000	-2.666667	-0.000000	51.000436
-17.641768	19.790903	0.000000	0.000000	0.999988	0.004817	0.999954	-0.000000	-2.666667	-0.000000	51.091215
-17.541773	19.789940	0.000000	0.000000	0.999988	0.004817	0.999954	-0.000000	-2.666667	-0.000000	51.182535
-17.341782	19.788013	0.000000	0.000000	0.999988	0.004817	0.999954	-0.000000	-2.666667	-0.000000	51.273382
-17.241787	19.787050	0.000000	0.000000	0.999988	0.004817	0.999954	-0.000000	-2.666667	-0.000000	51.364362
-17.141791	19.786087	0.000000	0.000000	0.999988	0.004817	0.999954	-0.000000	-2.666667	-0.000000	51.455154
-17.041796	19.785124	0.000000	0.000000	0.999988	0.004817	0.999954	-0.000000	-2.666667	-0.000000	51.545741
-16.841805	19.783197	0.000000	0.000000	0.999988	0.004817	0.999954	-0.000000	-2.666667	-0.000000	51.636671
-16.741810	19.782234	0.000000	0.000000	0.999988	0.004817	0.999954	-0.000000	-2.666667	-0.000000	51.727741
-16.641814	19.781270	0.000000	0.000000	0.999988	0.004817	0.999954	-0.000000	-2.666667	-0.000000	51.818633
-16.541819	19.780307	0.000000	0.000000	0.999988	0.004817	0.999954	-0.000000	-2.666667	-0.000000	51.909566
-16.441824	19.779344	0.000000	0.000000	0.999988	0.004817	0.999954	-0.000000	-2.666667	-0.000000	52.000383
-16.241833	19.777417	0.000000	0.000000	0.999988	0.004817	0.999954	-0.000000	-2.666667	-0.000000	52.091203
-16.141838	19.776454	0.000000	0.000000	0.999988	0.004817	0.999954	-0.000000	-2.666667	-0.000000	52.182106
-16.041842	19.775491	0.000000	0.000000	0.999988	0.004817	0.999954	-0.000000	-2.666667	-0.000000	52.273184
-15.941847	19.774527	0.000000	0.000000	0.999988	0.004817	0.999954	-0.000000	-2.666667	0.000000	52.364062
-15.741856	19.772601	0.000000	0.000000	0.999988	0.004817	0.999954	-0.000000	-2.666667	-0.000000	52.455509
-15.641861	19.771637	0.000000	0.000000	0.999988	0.004817	0.999954	0.000000	-2.666667	0.000000	52.545790
-15.541865	19.770674	0.000000	0.000000	0.999988	0.004817	0.999954	-0.000000	-2.666667	0.000000	52.636646
-15.441870	19.769711	0.000000	0.000000	0.999988	0.004817	0.999954	0.000000	-2.666667	0.000000	52.727951
-15.241879	19.767784	0.000000	0.000000	0.999988	0.004817	0.999954	-0.000000	-2.666667	-0.000000	52.818587
-15.141884	19.766821	0.000000	0.000000	0.999988	0.004817	0.999954	-0.000000	-2.666667	-0.000000	52.909336
-15.041889	19.765858	0.000000	0.000000	0.999988	0.004817	0.999954	-0.000000	-2.666667	-0.000000	53.000393
-14.941893	19.764894	0.000000	0.000000	0.999988	0.004817	0.999954	-0.000000	-2.666667	-0.000000	53.091586
-14.841898	19.763931	0.000000	0.000000	0.999988	0.004817	0.999954	-0.000000	-2.666667	-0.000000	53.182276
-14.741903	19.762968	0.000000	0.000000	0.999988	0.004817	0.999954	-0.000000	-2.666667	-0.000000	53.273148
-14.541912	19.761041	0.000000	0.000000	0.999988	0.004817	0.999954	-0.000000	-2.666667	-0.000000	53.363998
-14.441916	19.760078	0.000000	0.000000	0.999988	0.004817	0.999954	-0.000000	-2.666667	-0.000000	53.454962
-14.341921	19.759115	0.000000	0.000000	0.999988	0.004817	0.999954	-0.000000	-2.666667	-0.000000	53.545871
-14.241926	19.758151	0.000000	0.000000	0.999988	0.004817	0.999954	-0.000000	-2.666667	-0.000000	53.636768
-14.041935	19.756225	0.000000	0.000000	0.999988	0.004817	0.999954	-0.000000	-2.666667	-0.000000	53.727824
-13.941940	19.755261	0.000000	0.000000	0.999988	0.004817	0.999954	-0.000000	-2.666667	-0.000000	53.818523
-13.841944	19.754298	0.000000	0.000000	0.999988	0.004817	0.999954	-0.000000	-2.666667	-0.000000	53.909716
-13.741949	19.753335	0.000000	0.000000	0.999988	0.004817	0.999954	-0.000000	-2.666667	-0.000000	54.000416
-13.541958	19.751408	0.000000	0.000000	0.999988	0.004817	0.999954	-0.000000	-2.666667	-0.000000	54.091170
-13.441963	19.750445	0.000000	0.000000	0.999988	0.004817	0.999954	-0.000000	-2.666667	-0.000000	54.182569
-13.341967	19.749482	0.000000	0.000000	0.999988	0.004817	0.999954	-0.000000	-2.666667	-0.000000	54.273006
-13.241972	19.748518	0.000000	0.000000	0.999988	0.004817	0.999954	-0.000000	-2.666667	-0.000000	54.363998
-13.141977	19.747555	0.000000	0.000000	0.999988	0.004817	0.999954	-0.000000	-2.666667	-0.000000	54.454835
-13.041981	19.746592	0.000000	0.000000	0.999988	0.004817	0.999954	-0.000000	-2.666667	-0.000000	54.545767
-12.941986	19.745628	0.000000	0.000000	0.999988	0.004817	0.999954	-0.000000	-2.666667	-0.000000	54.636731
-12.741995	19.743702	0.000000	0.000000	0.999988	0.004817	0.999954	-0.000000	-2.666667	-0.000000	54.727597
-12.741995	19.743702	0.000000	0.000000	0.999988	0.004817	0.999954	-0.000000	0.000000	0.500000	54.818459
-12.741995	19.743702	0.000000	0.000000	0.999796	-0.020182	0.000000	0.500000	0.000000	0.500000	54.909355
-12.741995	19.743702	0.000000	0.000000	0.998979	-0.045168	0.000000	0.500000	0.000000	0.500000	55.000386
-12.741995	19.743702	0.000000	0.000000	0.997538	-0.070126	0.000000	0.500000	0.000000	0.500000	55.091180
-12.741995	19.743702	0.000000	0.000000	0.995473	-0.095040	0.000000	0.500000	0.000000	0.500000	55.182065
-12.741995	19.743702	0.000000	0.000000	0.989479	-0.144674	0.000000	0.500000	0.000000	0.500000	55.272998
-12.741995	19.743702	0.000000	0.000000	0.985554	-0.169363	0.000000	0.500000	0.000000	0.500000	55.363901
-12.741995	19.743702	0.000000	0.000000	0.975857	-0.218409	0.000000	0.500000	0.000000	0.500000	55.454885
-12.741995	19.743702	0.000000	0.000000	0.975857	-0.218409	0.000000	0.500000	0.000000	0.500000	55.545695
-12.741995	19.743702	0.000000	0.000000	0.970093	-0.242734	0.000000	0.500000	0.000000	0.500000	55.636603
-12.741995	19.743702	0.000000	0.000000	0.963722	-0.266908	0.000000	0.500000	0.000000	0.500000	55.727606
-12.741995	19.743702	0.000000	0.000000	0.949178	-0.314741	0.000000	0.500000	0.000000	0.500000	55.818509
-12.741995	19.743702	0.000000	0.000000	0.949178	-0.314741	0.000000	0.500000	0.000000	0.500000	55.909344
-12.741995	19.743702	0.000000	0.000000	0.932261	-0.361786	0.000000	0.500000	0.000000	0.500000	56.000262
-12.741995	19.743702	0.000000	0.000000	0.922926	-0.384978	0.000000	0.500000	0.000000	0.500000	56.091479
-12.741995	19.743702	0.000000	0.000000	0.913014	-0.407928	0.000000	0.500000	0.000000	0.500000	56.182177
-12.741995	19.743702	0.000000	0.000000	0.913014	-0.407928	0.000000	0.500000	0.000000	0.500000	56.272976
-12.741995	19.743702	0.000000	0.000000	0.891485	-0.453050	0.000000	0.500000	0.000000	0.500000	56.363888
-12.741995	19.743702	0.000000	0.000000	0.879882	-0.475193	0.000000	0.500000	0.000000	0.500000	56.454916
-12.741995	19.743702	0.000000	0.000000	0.867728	-0.497039	0.000000	0.500000	0.000000	0.500000	56.545968
-12.741995	19.743702	0.000000	0.000000	-0.841802	0.539786	0.000000	0.500000	0.000000	0.500000	56.636745
-12.741995	19.743702	0.000000	0.000000	-0.828046	0.560661	0.000000	0.500000	0.000000	0.500000	56.728086
-12.741995	19.743702	0.000000	0.000000	-0.813772	0.581184	0.000000	0.500000	0.000000	0.500000	56.818590
-12.741995	19.743702	0.000000	0.000000	-0.798989	0.601345	0.000000	0.500000	0.000000	0.500000	56.909439
-12.741995	19.743702	0.000000	0.000000	-0.783708	0.621130	0.000000	0.500000	0.000000	0.500000	57.000265
-12.741995	19.743702	0.000000	0.000000	-0.751685	0.659523	0.000000	0.500000	0.000000	0.500000	57.091184
-12.741995	19.743702	0.000000	0.000000	-0.734964	0.678107	0.000000	0.500000	0.000000	0.500000	57.182099
-12.741995	19.743702	0.000000	0.000000	-0.700154	0.713992	0.000000	0.500000	0.000000	0.500000	57.273089
-12.741995	19.743702	0.000000	0.000000	-0.682087	0.731271	0.000000	0.500000	0.000000	0.500000	57.364126
-12.741995	19.743702	0.000000	0.000000	-0.682087	0.731271	0.000000	0.500000	0.000000	0.500000	57.457307
-12.741995	19.743702	0.000000	0.000000	-0.644686	0.764447	0.000000	0.500000	0.000000	0.500000	57.545818
-12.741995	19.743702	0.000000	0.000000	-0.625376	0.780324	0.000000	0.500000	0.000000	0.500000	57.636741
-12.741995	19.743702	0.000000	0.000000	-0.605674	0.795713	0.000000	0.500000	0.000000	0.500000	57.727564
-12.741995	19.743702	0.000000	0.000000	-0.585594	0.810604	0.000000	0.500000	0.000000	0.500000	57.818627
-12.741995	19.743702	0.000000	0.000000	-0.565148	0.824989	0.000000	0.500000	0.000000	0.500000	57.909426
-12.741995	19.743702	0.000000	0.000000	-0.565148	0.824989	0.000000	0.500000	0.000000	0.500000	58.000412
-12.741995	19.743702	0.000000	0.000000	-0.523210	0.852204	0.000000	0.500000	0.000000	0.500000	58.091175
-12.741995	19.743702	0.000000	0.000000	-0.501743	0.865017	0.000000	0.500000	0.000000	0.500000	58.182094
-12.741995	19.743702	0.000000	0.000000	-0.479963	0.877289	0.000000	0.500000	0.000000	0.500000	58.273009
-12.741995	19.743702	0.000000	0.000000	-0.457883	0.889012	0.000000	0.500000	0.000000	0.500000	58.364078
-12.741995	19.743702	0.000000	0.000000	-0.435517	0.900180	0.000000	0.500000	0.000000	0.500000	58.455029
-12.741995	19.743702	0.000000	0.000000	-0.389983	0.920822	0.000000	0.500000	0.000000	0.500000	58.545728
-12.741995	19.743702	0.000000	0.000000	-0.389983	0.920822	0.000000	0.500000	0.000000	0.500000	58.636629
-12.741995	19.743702	0.000000	0.000000	-0.343473	0.939162	0.000000	0.500000	0.000000	0.500000	58.727554
-12.741995	19.743702	0.000000	0.000000	-0.319890	0.947455	0.000000	0.500000	0.000000	0.500000	58.818538
-12.741995	19.743702	0.000000	0.000000	-0.296106	0.955155	0.000000	0.500000	0.000000	0.500000	58.909395
-12.741995	19.743702	0.000000	0.000000	-0.272137	0.962259	0.000000	0.500000	0.000000	0.500000	59.000663
-12.741995	19.743702	0.000000	0.000000	-0.223704	0.974657	0.000000	0.500000	0.000000	0.500000	59.091325
-12.741995	19.743702	0.000000	0.000000	-0.199270	0.979945	0.000000	0.500000	0.000000	0.500000	59.182329
-12.741995	19.743702	0.000000	0.000000	-0.199270	0.979945	0.000000	0.500000	0.000000	0.500000	59.273113
-12.741995	19.743702	0.000000	0.000000	-0.150044	0.988679	0.000000	0.500000	0.000000	0.500000	59.363926
-12.741995	19.743702	0.000000	0.000000	-0.125283	0.992121	0.000000	0.500000	0.000000	0.500000	59.454851
-12.741995	19.743702	0.000000	0.000000	-0.125283	0.992121	0.000000	0.500000	0.000000	0.500000	59.545802
-12.741995	19.743702	0.000000	0.000000	-0.050591	0.998719	0.000000	0.500000	-1.310063	-9.998477	59.636645
-12.642507	19.733597	0.000000	0.000000	0.027923	0.999610	0.994881	1.570796	1.423094	9.278076	59.727570
-12.542663	19.739179	0.000000	0.000000	0.106266	0.994338	0.998441	1.570796	1.599095	7.494190	59.818837
-12.351689	19.796475	0.000000	0.000000	0.260506	0.965472	0.932323	1.570796	1.735721	5.525773	59.909928
-12.265262	19.846777	0.000000	0.000000	0.335453	0.942057	0.864273	1.570796	1.878443	1.232568	60.000377
-12.187768	19.909980	0.000000	0.000000	0.392837	0.919608	0.774942	1.232568	1.884469	-0.493553	60.091320
-12.118632	19.982231	0.000000	0.000000	0.370026	0.929021	0.691358	-0.493553	1.885331	0.246814	60.182126
-12.046016	20.050984	0.000000	0.000000	0.381462	0.924384	0.726162	0.246814	1.885618	-0.000000	60.273057
-11.975119	20.121507	0.000000	0.000000	0.381462	0.924384	0.708973	-0.000000	1.885618	-0.000000	60.364119
-11.833324	20.262554	0.000000	0.000000	0.381462	0.924384	0.708973	-0.000000	1.885618	-0.000000	60.454861
-11.762427	20.333078	0.000000	0.000000	0.381462	0.924384	0.708973	-0.000000	1.885618	-0.000000	60.545940
-11.620632	20.474125	0.000000	0.000000	0.381462	0.924384	0.708973	-0.000000	1.885618	-0.000000	60.636737
-11.549735	20.544649	0.000000	0.000000	0.381462	0.924384	0.708973	-0.000000	1.885618	-0.000000	60.727933
-11.478837	20.615172	0.000000	0.000000	0.381462	0.924384	0.708973	0.000000	1.885618	0.000000	60.818566
-11.407940	20.685696	0.000000	0.000000	0.381462	0.924384	0.708973	-0.000000	1.885618	-0.000000	60.909478
-11.337043	20.756219	0.000000	0.000000	0.381462	0.924384	0.708973	-0.000000	1.885618	-0.000000	61.000365
-11.195248	20.897266	0.000000	0.000000	0.381462	0.924384	0.708973	-0.000000	1.885618	-0.000000	61.091266
-11.195248	20.897266	0.000000	0.000000	0.381462	0.924384	0.708973	-0.000000	1.885618	-0.000000	61.182574
-11.053454	21.038313	0.000000	0.000000	0.381462	0.924384	0.708973	-0.000000	1.885618	-0.000000	61.273450
-10.982556	21.108837	0.000000	0.000000	0.381462	0.924384	0.708973	-0.000000	1.885618	0.000000	61.363936
-10.911659	21.179361	0.000000	0.000000	0.381462	0.924384	0.708973	0.000000	1.885618	0.000000	61.454832
-10.840762	21.249884	0.000000	0.000000	0.381462	0.924384	0.708973	0.000000	1.885618	0.000000	61.545733
-10.698967	21.390931	0.000000	0.000000	0.381462	0.924384	0.708973	0.000000	1.885618	0.000000	61.636752
-10.628070	21.461455	0.000000	0.000000	0.381462	0.924384	0.708973	0.000000	1.885618	0.000000	61.727653
-10.557172	21.531978	0.000000	0.000000	0.381462	0.924384	0.708973	0.000000	1.885618	0.000000	61.818536
-10.415378	21.673025	0.000000	0.000000	0.381462	0.924384	0.708973	0.000000	1.885618	0.000000	61.909528
-10.344480	21.743549	0.000000	0.000000	0.381462	0.924384	0.708973	0.000000	1.885618	0.000000	62.000411
-10.273583	21.814073	0.000000	0.000000	0.381462	0.924384	0.708973	0.000000	1.885618	0.000000	62.091333
-10.202686	21.884596	0.000000	0.000000	0.381462	0.924384	0.708973	0.000000	1.885618	0.000000	62.182134
-10.131789	21.955120	0.000000	0.000000	0.381462	0.924384	0.708973	0.000000	1.885618	0.000000	62.273027
-10.060891	22.025643	0.000000	0.000000	0.381462	0.924384	0.708973	0.000000	1.885618	0.000000	62.363983
-9.919097	22.166690	0.000000	0.000000	0.381462	0.924384	0.708973	0.000000	1.885618	0.000000	62.455124
-9.848199	22.237214	0.000000	0.000000	0.381462	0.924384	0.708973	0.000000	1.885618	0.000000	62.545741
-9.777302	22.307737	0.000000	0.000000	0.381462	0.924384	0.708973	0.000000	1.885618	0.000000	62.636735
-9.706405	22.378261	0.000000	0.000000	0.381462	0.924384	0.708973	0.000000	1.885618	0.000000	62.727724
-9.564610	22.519308	0.000000	0.000000	0.381462	0.924384	0.708973	0.000000	1.885618	0.000000	62.818549
-9.493713	22.589832	0.000000	0.000000	0.381462	0.924384	0.708973	0.000000	1.885618	0.000000	62.909395
-9.422815	22.660355	0.000000	0.000000	0.381462	0.924384	0.708973	0.000000	1.885618	0.000000	63.000305
-9.351918	22.730879	0.000000	0.000000	0.381462	0.924384	0.708973	0.000000	1.885618	0.000000	63.091657
-9.281021	22.801402	0.000000	0.000000	0.381462	0.924384	0.708973	0.000000	1.885618	0.000000	63.182698
-9.139226	22.942449	0.000000	0.000000	0.381462	0.924384	0.708973	0.000000	1.885618	0.000000	63.273294
-9.068329	23.012973	0.000000	0.000000	0.381462	0.924384	0.708973	0.000000	-1.885618	0.000000	63.364015
-9.139226	22.942449	0.000000	0.000000	0.381462	0.924384	-0.708973	0.000000	-1.885618	0.000000	63.454823
-9.210124	22.871926	0.000000	0.000000	0.381462	0.924384	-0.708973	0.000000	-1.885618	0.000000	63.545764
-9.281021	22.801402	0.000000	0.000000	0.381462	0.924384	-0.708973	0.000000	-1.885618	0.000000	63.637494
-9.422815	22.660355	0.000000	0.000000	0.381462	0.924384	-0.708973	0.000000	-1.885618	0.000000	63.727575
-9.493713	22.589832	0.000000	0.000000	0.381462	0.924384	-0.708973	0.000000	-1.885618	0.000000	63.818558
-9.564610	22.519308	0.000000	0.000000	0.381462	0.924384	-0.708973	0.000000	-1.885618	0.000000	63.909484
-9.635507	22.448785	0.000000	0.000000	0.381462	0.924384	-0.708973	0.000000	-1.885618	0.000000	64.000289
-9.777302	22.307737	0.000000	0.000000	0.381462	0.924384	-0.708973	0.000000	-1.885618	0.000000	64.095007
-9.848199	22.237214	0.000000	0.000000	0.381462	0.924384	-0.708973	0.000000	-1.885618	0.000000	64.182758
-9.919097	22.166690	0.000000	0.000000	0.381462	0.924384	-0.708973	0.000000	-1.885618	0.000000	64.275002
-9.989994	22.096167	0.000000	0.000000	0.381462	0.924384	-0.708973	0.000000	-1.885618	0.000000	64.364931
-10.060891	22.025643	0.000000	0.000000	0.381462	0.924384	-0.708973	0.000000	-1.885618	0.000000	64.455227
-10.131789	21.955120	0.000000	0.000000	0.381462	0.924384	-0.708973	0.000000	-1.885618	0.000000	64.545960
-10.273583	21.814073	0.000000	0.000000	0.381462	0.924384	-0.708973	0.000000	-1.885618	0.000000	64.637054
-10.344480	21.743549	0.000000	0.000000	0.381462	0.924384	-0.708973	0.000000	-1.885618	0.000000	64.727750
-10.415378	21.673025	0.000000	0.000000	0.381462	0.924384	-0.708973	0.000000	-1.885618	0.000000	64.818484
-10.486275	21.602502	0.000000	0.000000	0.381462	0.924384	-0.708973	0.000000	-1.885618	0.000000	64.909697
-10.557172	21.531978	0.000000	0.000000	0.381462	0.924384	-0.708973	0.000000	-1.885618	0.000000	65.001883
-10.698967	21.390931	0.000000	0.000000	0.381462	0.924384	-0.708973	0.000000	-1.885618	0.000000	65.091846
-10.769864	21.320408	0.000000	0.000000	0.381462	0.924384	-0.708973	0.000000	-1.885618	0.000000	65.182740
-10.840762	21.249884	0.000000	0.000000	0.381462	0.924384	-0.708973	0.000000	-1.885618	0.000000	65.273125
-10.911659	21.179361	0.000000	0.000000	0.381462	0.924384	-0.708973	0.000000	-1.885618	0.000000	65.364219
-10.982556	21.108837	0.000000	0.000000	0.381462	0.924384	-0.708973	0.000000	-1.885618	0.000000	65.455018
-11.053454	21.038313	0.000000	0.000000	0.381462	0.924384	-0.708973	0.000000	-1.885618	0.000000	65.545902
-11.124351	20.967790	0.000000	0.000000	0.381462	0.924384	-0.708973	0.000000	-1.885618	0.000000	65.636728
-11.266145	20.826743	0.000000	0.000000	0.381462	0.924384	-0.708973	0.000000	-1.885618	0.000000	65.727633
-11.266145	20.826743	0.000000	0.000000	0.381462	0.924384	-0.708973	0.000000	-1.885618	0.000000	65.818588
-11.407940	20.685696	0.000000	0.000000	0.381462	0.924384	-0.708973	0.000000	-1.885618	0.000000	65.909401
-11.478837	20.615172	0.000000	0.000000	0.381462	0.924384	-0.708973	0.000000	-1.885618	0.000000	66.000310
-11.549735	20.544649	0.000000	0.000000	0.381462	0.924384	-0.708973	0.000000	-1.885618	0.000000	66.091272
-11.620632	20.474125	0.000000	0.000000	0.381462	0.924384	-0.708973	0.000000	-1.885618	0.000000	66.182192
-11.762427	20.333078	0.000000	0.000000	0.381462	0.924384	-0.708973	0.000000	-1.885618	0.000000	66.273518
-11.833324	20.262554	0.000000	0.000000	0.381462	0.924384	-0.708973	0.000000	-1.885618	0.000000	66.364024
-11.904221	20.192031	0.000000	0.000000	0.381462	0.924384	-0.708973	0.000000	-1.885618	0.000000	66.454958
-11.975119	20.121507	0.000000	0.000000	0.381462	0.924384	-0.708973	0.000000	-1.885618	0.000000	66.545762
-12.116913	19.980460	0.000000	0.000000	0.381462	0.924384	-0.708973	0.000000	-1.885618	0.000000	66.636965
-12.187810	19.909937	0.000000	0.000000	0.381462	0.924384	-0.708973	0.000000	-1.885618	0.000000	66.728028
-12.329605	19.768890	0.000000	0.000000	0.381462	0.924384	-0.708973	0.000000	0.050635	-14.502516	66.819302
-12.326015	19.772460	0.000000	0.000000	0.307760	0.951464	0.035899	-1.570796	0.050635	-14.502516	66.909418
-12.346480	19.757674	0.000000	0.000000	0.232160	0.972678	-0.204653	-1.570796	-0.549380	-13.910065	67.000292
-12.395496	19.732862	0.000000	0.000000	0.155129	0.987894	-0.490158	-1.570796	-0.549380	-13.910065	67.091209
-12.447790	19.716024	0.000000	0.000000	0.077142	0.997020	-0.522938	-1.570796	0.000000	0.500000	67.182089
-12.447790	19.716024	0.000000	0.000000	0.102040	0.994780	0.000000	0.500000	0.000000	0.500000	67.273018
-12.447790	19.716024	0.000000	0.000000	0.126876	0.991919	0.000000	0.500000	0.000000	0.500000	67.364031
-12.447790	19.716024	0.000000	0.000000	0.151631	0.988437	0.000000	0.500000	0.000000	0.500000	67.454925
-12.447790	19.716024	0.000000	0.000000	0.200843	0.979623	0.000000	0.500000	0.000000	0.500000	67.545823
-12.447790	19.716024	0.000000	0.000000	0.225268	0.974297	0.000000	0.500000	0.000000	0.500000	67.636740
-12.447790	19.716024	0.000000	0.000000	0.249553	0.968361	0.000000	0.500000	0.000000	0.500000	67.727548
-12.447790	19.716024	0.000000	0.000000	0.273681	0.961820	0.000000	0.500000	0.000000	0.500000	67.818480
-12.447790	19.716024	0.000000	0.000000	0.297639	0.954679	0.000000	0.500000	0.000000	0.500000	67.909360
-12.447790	19.716024	0.000000	0.000000	0.321410	0.946940	0.000000	0.500000	0.000000	0.500000	68.000268
-12.447790	19.716024	0.000000	0.000000	0.368336	0.929693	0.000000	0.500000	0.000000	0.500000	68.091199
-12.447790	19.716024	0.000000	0.000000	0.368336	0.929693	0.000000	0.000000	0.000000	0.500000	68.182413
-12.447790	19.716024	0.000000	0.000000	0.368336	0.929693	0.000000	0.000000	0.000000	0.500000	68.273334
-12.447790	19.716024	0.000000	0.000000	0.368336	0.929693	0.000000	0.000000	0.000000	0.500000	68.364040
-12.447790	19.716024	0.000000	0.000000	0.368336	0.929693	0.000000	0.000000	0.000000	0.500000	68.455805
-12.447790	19.716024	0.000000	0.000000	0.391461	0.920195	0.000000	0.500000	0.000000	0.500000	68.545920
-12.447790	19.716024	0.000000	0.000000	0.414341	0.910122	0.000000	0.500000	0.000000	0.500000	68.636718
-12.447790	19.716024	0.000000	0.000000	0.436962	0.899480	0.000000	0.500000	0.000000	0.500000	68.727573
-12.447790	19.716024	0.000000	0.000000	0.459310	0.888276	0.000000	0.500000	0.000000	0.500000	68.818474
-12.447790	19.716024	0.000000	0.000000	0.481371	0.876517	0.000000	0.500000	0.000000	0.500000	68.911578
-12.447790	19.716024	0.000000	0.000000	0.524577	0.851363	0.000000	0.500000	0.000000	0.500000	69.000434
-12.447790	19.716024	0.000000	0.000000	0.566472	0.824081	0.000000	0.500000	0.000000	0.500000	69.091276
-12.447790	19.716024	0.000000	0.000000	0.586895	0.809663	0.000000	0.500000	0.000000	0.500000	69.182170
-12.447790	19.716024	0.000000	0.000000	0.606951	0.794739	0.000000	0.500000	0.000000	0.500000	69.273094
-12.447790	19.716024	0.000000	0.000000	0.626628	0.779319	0.000000	0.500000	0.000000	0.500000	69.364031
-12.447790	19.716024	0.000000	0.000000	0.645913	0.763411	0.000000	0.500000	0.000000	0.500000	69.454927
-12.447790	19.716024	0.000000	0.000000	0.664794	0.747026	0.000000	0.500000	0.000000	0.500000	69.545889
-12.447790	19.716024	0.000000	0.000000	0.683260	0.730175	0.000000	0.500000	0.000000	0.500000	69.636610
-12.447790	19.716024	0.000000	0.000000	0.701299	0.712867	0.000000	0.500000	0.000000	0.500000	69.727535
-12.447790	19.716024	0.000000	0.000000	0.718900	0.695114	0.000000	0.500000	0.000000	0.500000	69.818470
-12.447790	19.716024	0.000000	0.000000	0.736051	0.676926	0.000000	0.000000	0.000000	0.500000	69.909375
-12.447790	19.716024	0.000000	0.000000	0.736051	0.676926	0.000000	0.000000	0.000000	0.500000	70.000259
-12.447790	19.716024	0.000000	0.000000	0.752743	0.658315	0.000000	0.500000	0.000000	0.500000	70.091318
-12.447790	19.716024	0.000000	0.000000	0.768964	0.639293	0.000000	0.500000	0.000000	0.500000	70.182139
-12.447790	19.716024	0.000000	0.000000	0.784704	0.619871	0.000000	0.500000	0.000000	0.500000	70.273516
-12.447790	19.716024	0.000000	0.000000	0.784704	0.619871	0.000000	0.000000	0.000000	0.500000	70.363909
-12.447790	19.716024	0.000000	0.000000	0.784704	0.619871	0.000000	0.000000	0.000000	0.500000	70.454827
-12.447790	19.716024	0.000000	0.000000	0.784704	0.619871	0.000000	0.000000	0.000000	0.500000	70.545786
-12.447790	19.716024	0.000000	0.000000	0.784704	0.619871	0.000000	0.000000	0.000000	0.500000	70.636956
-12.447790	19.716024	0.000000	0.000000	0.784704	0.619871	0.000000	0.000000	0.000000	0.500000	70.728146
-12.447790	19.716024	0.000000	0.000000	0.814704	0.579877	0.000000	0.500000	0.000000	0.500000	70.818909
-12.447790	19.716024	0.000000	0.000000	0.842668	0.538434	0.000000	0.500000	0.000000	0.500000	70.909487
-12.447790	19.716024	0.000000	0.000000	0.842668	0.538434	0.000000	0.000000	0.000000	0.500000	71.000713
-12.447790	19.716024	0.000000	0.000000	0.842668	0.538434	0.000000	0.000000	0.000000	0.500000	71.091362
-12.447790	19.716024	0.000000	0.000000	0.842668	0.538434	0.000000	0.000000	0.000000	0.500000	71.182371
-12.447790	19.716024	0.000000	0.000000	0.855864	0.517202	0.000000	0.500000	0.000000	0.500000	71.273131
-12.447790	19.716024	0.000000	0.000000	0.868525	0.495646	0.000000	0.500000	0.000000	0.500000	71.363902
-12.447790	19.716024	0.000000	0.000000	0.868525	0.495646	0.000000	0.500000	0.000000	0.500000	71.454830
-12.447790	19.716024	0.000000	0.000000	0.892211	0.451618	0.000000	0.500000	0.000000	0.500000	71.545844
-12.447790	19.716024	0.000000	0.000000	0.903222	0.429174	0.000000	0.500000	0.000000	0.500000	71.637465
-12.447790	19.716024	0.000000	0.000000	0.903222	0.429174	0.000000	0.000000	0.000000	0.500000	71.727572
-12.447790	19.716024	0.000000	0.000000	0.903222	0.429174	0.000000	0.000000	0.000000	0.500000	71.819054
-12.447790	19.716024	0.000000	0.000000	0.913668	0.406462	0.000000	0.500000	0.000000	0.500000	71.909449
-12.447790	19.716024	0.000000	0.000000	0.923543	0.383495	0.000000	0.500000	0.000000	0.500000	72.000534
-12.447790	19.716024	0.000000	0.000000	0.932841	0.360289	0.000000	0.500000	0.000000	0.500000	72.091348
-12.447790	19.716024	0.000000	0.000000	0.941555	0.336858	0.000000	0.500000	0.000000	0.500000	72.182100
-12.447790	19.716024	0.000000	0.000000	0.941555	0.336858	0.000000	0.000000	0.000000	0.500000	72.273045
-12.447790	19.716024	0.000000	0.000000	0.949682	0.313216	0.000000	0.500000	0.000000	0.500000	72.364044
-12.447790	19.716024	0.000000	0.000000	0.964149	0.265361	0.000000	0.500000	0.000000	0.500000	72.455699
-12.447790	19.716024	0.000000	0.000000	0.970481	0.241176	0.000000	0.500000	0.000000	0.500000	72.546019
-12.447790	19.716024	0.000000	0.000000	0.976207	0.216842	0.000000	0.500000	0.000000	0.500000	72.636708
-12.447790	19.716024	0.000000	0.000000	0.981322	0.192371	0.000000	0.500000	0.000000	0.500000	72.727616
-12.447790	19.716024	0.000000	0.000000	0.989710	0.143085	0.000000	0.500000	0.000000	0.500000	72.818459
-12.447790	19.716024	0.000000	0.000000	0.989710	0.143085	0.000000	0.000000	0.000000	0.500000	72.909588
-12.447790	19.716024	0.000000	0.000000	0.992978	0.118300	0.000000	0.500000	0.000000	0.500000	73.000369
-12.447790	19.716024	0.000000	0.000000	0.995625	0.093441	0.000000	0.500000	0.000000	0.500000	73.091176
-12.447790	19.716024	0.000000	0.000000	0.997649	0.068524	0.000000	0.500000	0.000000	0.500000	73.182163
-12.447790	19.716024	0.000000	0.000000	0.999827	0.018577	0.000000	0.500000	0.000000	0.500000	73.272993
-12.447790	19.716024	0.000000	0.000000	0.999979	-0.006422	0.000000	0.500000	0.000000	0.500000	73.363953
-12.447790	19.716024	0.000000	0.000000	0.999979	-0.006422	0.000000	0.000000	0.000000	0.500000	73.454936
-12.447790	19.716024	0.000000	0.000000	0.999979	-0.006422	0.000000	0.000000	0.000000	0.500000	73.545888
-12.447790	19.716024	0.000000	0.000000	0.999979	-0.006422	0.000000	0.000000	0.000000	0.500000	73.636733
-12.447790	19.716024	0.000000	0.000000	0.998409	-0.056392	0.000000	0.500000	2.656115	-1.742849	73.727620
-12.547154	19.704763	0.000000	0.000000	0.999755	0.022116	-0.993640	-1.570796	-1.262740	-10.335290	73.818419
-12.447252	19.700341	0.000000	0.000000	0.994938	0.100488	0.999022	-1.570796	-1.031621	-11.689566	73.909442
-12.255625	19.645268	0.000000	0.000000	0.966969	0.254893	0.936461	-1.570796	-1.031621	-11.689566	74.000926
-12.342631	19.694563	0.000000	0.000000	0.943990	0.329975	-0.870059	-1.570796	1.864473	-4.678831	74.091231
-12.420855	19.756861	0.000000	0.000000	0.915190	0.403022	-0.782233	-1.570796	0.065807	-14.133521	74.182410
-12.445138	19.791730	0.000000	0.000000	0.840876	0.541228	-0.198402	-1.570796	1.168812	17.973143	74.272987
-12.471847	19.850432	0.000000	0.000000	0.795820	0.605534	-0.267090	-1.570796	0.644919	-13.289260	74.363993
-12.496224	19.938538	0.000000	0.000000	0.745857	0.666106	-0.243770	-1.570796	1.160902	-11.144155	74.454837
-12.507484	20.037902	0.000000	0.000000	0.691296	0.722572	-0.112605	-1.570796	1.160902	-11.144155	74.545741
-12.511906	19.938000	0.000000	0.000000	0.632472	0.774583	-0.044221	-1.570796	-1.054424	-11.724362	74.636936
-12.559855	19.765393	0.000000	0.000000	0.503514	0.863987	-0.279529	-1.570796	-0.796897	-12.817128	74.727538
-12.585476	19.720172	0.000000	0.000000	0.434174	0.900829	-0.256208	-1.570796	-0.229799	-14.036722	74.818551
-12.599792	19.702197	0.000000	0.000000	0.362157	0.932117	-0.143162	-1.570796	0.065807	-14.133521	74.909450
-12.594937	19.706640	0.000000	0.000000	0.287908	0.957658	0.048545	-1.570796	0.359793	-13.882305	75.000346
-12.564923	19.726480	0.000000	0.000000	0.211883	0.977295	0.300146	-1.570796	0.644919	-13.289260	75.091184
-12.418115	19.777566	0.000000	0.000000	0.056392	0.998409	0.881065	-1.570796	1.157865	-11.317193	75.182097
-12.318751	19.788826	0.000000	0.000000	-0.022116	0.999755	0.993640	-1.570796	1.157865	-11.317193	75.273100
-12.218849	19.784404	0.000000	0.000000	-0.100488	0.994938	0.999022	-1.570796	1.577807	-8.597578	75.363921
-12.120869	19.764408	0.000000	0.000000	-0.178240	0.983987	0.979804	-1.570796	1.749754	-6.977707	75.455226
-11.940217	19.680036	0.000000	0.000000	-0.329975	0.943990	0.870059	-1.570796	1.882658	-5.000131	75.545810
-12.018440	19.742335	0.000000	0.000000	-0.403022	0.915190	-0.782233	-1.570796	-1.576022	-6.156615	75.636645
-11.950925	19.668567	0.000000	0.000000	-0.426985	0.904259	0.675146	-0.526780	2.027672	0.132714	75.727546
-11.887388	19.591346	0.000000	0.000000	-0.420975	0.907072	0.635368	0.132714	2.027672	0.132714	75.818544
-11.822832	19.514975	0.000000	0.000000	-0.433064	0.901363	0.645560	-0.267386	2.057587	0.134672	75.909543
-11.696805	19.359684	0.000000	0.000000	-0.439210	0.898385	0.635368	-0.271261	2.072074	-0.271261	76.000337
-11.635386	19.280768	0.000000	0.000000	-0.445335	0.895364	0.614190	-0.136589	2.086876	-0.136589	76.091168
-11.575050	19.201021	0.000000	0.000000	-0.451523	0.892259	0.603354	-0.138465	2.129695	0.000000	76.182181
-11.515825	19.120446	0.000000	0.000000	-0.451523	0.892259	0.592254	0.000000	2.129695	0.000000	76.273005
-11.456600	19.039871	0.000000	0.000000	-0.464076	0.885796	0.592254	-0.282386	2.170892	0.142088	76.364206
-11.399673	18.957655	0.000000	0.000000	-0.457771	0.889070	0.569267	0.142088	2.196917	-0.431462	76.454995
-11.341584	18.876257	0.000000	0.000000	-0.476843	0.878988	0.580891	-0.431462	2.210767	-0.000000	76.545783
-11.232535	18.708601	0.000000	0.000000	-0.476843	0.878988	0.545242	-0.000000	2.223611	-0.145539	76.636727
-11.178011	18.624774	0.000000	0.000000	-0.496131	0.868248	0.545242	-0.441548	2.248273	-0.441548	76.727978
-11.127240	18.538621	0.000000	0.000000	-0.489657	0.871915	0.507708	0.148812	2.273621	0.148812	76.818668
-11.179288	18.624008	0.000000	0.000000	-0.556557	0.830809	-0.520472	-1.570796	2.248732	2.520565	76.909479
-11.141239	18.531530	0.000000	0.000000	-0.489657	0.871915	0.380488	1.570796	2.248732	2.520565	77.000285
-11.089192	18.446142	0.000000	0.000000	-0.502645	0.864493	0.520472	-0.299193	2.309401	-0.000000	77.091185
-11.039722	18.359235	0.000000	0.000000	-0.502645	0.864493	0.494695	-0.000000	2.331964	-0.305284	77.182196
-10.990252	18.272329	0.000000	0.000000	-0.515782	0.856720	0.494695	-0.305284	2.343423	-0.153381	77.273081
-10.898026	18.094869	0.000000	0.000000	-0.528922	0.848670	0.454328	-0.154811	2.386401	-0.156194	77.364171
-10.811337	17.914640	0.000000	0.000000	-0.542169	0.840270	0.426408	-0.157529	2.406802	-0.157529	77.454823
-10.770126	17.823526	0.000000	0.000000	-0.548824	0.835938	0.412106	-0.158816	2.445400	-0.160055	77.545749
-10.730368	17.731770	0.000000	0.000000	-0.555496	0.831519	0.397585	-0.160055	2.472114	-0.323632	77.636643
-10.692083	17.639389	0.000000	0.000000	-0.568878	0.822422	0.382848	-0.323632	2.489548	-0.000000	77.727649
-10.621532	17.452246	0.000000	0.000000	-0.582289	0.812982	0.352755	-0.327998	2.505465	-0.327998	77.818553
-10.589344	17.357568	0.000000	0.000000	-0.588997	0.808136	0.321880	-0.165512	2.528767	-0.165512	77.910778
-10.558727	17.262370	0.000000	0.000000	-0.602328	0.798248	0.306166	-0.331964	2.535764	-0.331964	78.000316
-10.531287	17.166208	0.000000	0.000000	-0.608986	0.793181	0.274401	-0.167343	2.569583	-0.168183	78.092659
-10.517986	17.119826	0.000000	0.000000	-0.675565	0.737300	-0.125262	-1.570796	-0.517638	-9.659258	78.182193
-10.519810	17.140652	0.000000	0.000000	-0.731330	0.682023	-0.018235	-1.570796	0.104672	-9.986295	78.272973
-10.520539	17.130211	0.000000	0.000000	-0.782587	0.622541	-0.007294	-1.570796	0.104672	-9.986295	78.363944
-10.529890	17.089693	0.000000	0.000000	-0.829019	0.559221	-0.093512	-1.570796	0.415823	-9.781476	78.454957
-10.567345	16.996972	0.000000	0.000000	-0.782587	0.622541	-0.374544	1.570796	2.101824	11.244124	78.545770
-10.589833	16.899534	0.000000	0.000000	-0.731330	0.682023	-0.224885	1.570796	2.340391	8.372321	78.637053
-10.596802	16.799777	0.000000	0.000000	-0.675565	0.737300	-0.069689	1.570796	2.601102	1.878432	78.727638
-10.563881	16.603130	0.000000	0.000000	-0.675565	0.737300	0.241988	-1.570796	2.630226	1.033832	78.818863
-10.555159	16.503511	0.000000	0.000000	-0.636567	0.771221	0.087224	1.033832	2.635703	-1.555757	78.909557
-10.536202	16.405324	0.000000	0.000000	-0.694574	0.719422	0.189564	-1.555757	2.648424	1.040985	79.000282
-10.518810	16.206354	0.000000	0.000000	-0.713160	0.701002	0.138791	-1.564345	2.650251	-1.564345	79.091184
-10.520529	16.106369	0.000000	0.000000	-0.675565	0.737300	-0.017193	1.045285	2.659363	1.045285	79.182100
-10.511807	16.006750	0.000000	0.000000	-0.731257	0.682102	0.087224	-1.568644	2.661591	1.220924	79.273009
-10.518754	15.906992	0.000000	0.000000	-0.688281	0.725444	-0.069474	1.220924	2.661591	1.220924	79.363914
-10.513500	15.807130	0.000000	0.000000	-0.731257	0.682102	0.052538	-1.220924	2.661591	1.220924	79.454941
-10.520447	15.707371	0.000000	0.000000	-0.688281	0.725444	-0.069474	1.220924	2.661591	-1.220924	79.545730
-10.515194	15.607509	0.000000	0.000000	-0.731257	0.682102	0.052538	-1.220924	2.661591	-1.220924	79.636660
-10.522141	15.507751	0.000000	0.000000	-0.688281	0.725444	-0.069474	1.220924	2.661591	-1.220924	79.727608
-10.516887	15.407889	0.000000	0.000000	-0.731257	0.682102	0.052538	-1.220924	2.661591	-1.220924	79.818569
-10.542880	15.209961	0.000000	0.000000	-0.719213	0.694789	-0.190452	1.570796	2.621913	3.644572	79.909442
-10.546333	15.110021	0.000000	0.000000	-0.700782	0.713375	-0.034536	0.523519	2.665651	0.523519	80.000365
-10.544553	15.010037	0.000000	0.000000	-0.719213	0.694789	0.017808	-0.523519	2.665651	-0.523519	80.091169
-10.556685	14.810474	0.000000	0.000000	-0.719213	0.694789	-0.086785	0.523519	2.665651	0.523519	80.182082
-10.556685	14.810474	0.000000	0.000000	-0.719213	0.694789	-0.086785	0.523519	2.665651	0.523519	80.273093
-10.558357	14.610549	0.000000	0.000000	-0.681871	0.731472	0.017808	0.523519	2.665651	-0.523519	80.365132
-10.551347	14.510795	0.000000	0.000000	-0.700782	0.713375	0.070104	-0.523519	2.665651	-0.523519	80.455022
-10.549566	14.410811	0.000000	0.000000	-0.719213	0.694789	0.017808	-0.523519	2.665651	0.523519	80.545723
-10.551239	14.210886	0.000000	0.000000	-0.719213	0.694789	0.017808	-0.523519	2.665651	-0.523519	80.636747
-10.554693	14.110946	0.000000	0.000000	-0.700782	0.713375	-0.034536	0.523519	2.665651	-0.523519	80.727572
-10.552912	14.010962	0.000000	0.000000	-0.719213	0.694789	0.017808	-0.523519	2.665651	-0.523519	80.818533
-10.556365	13.911022	0.000000	0.000000	-0.700782	0.713375	-0.034536	0.523519	2.665651	-0.523519	80.909393
-10.554584	13.811037	0.000000	0.000000	-0.719213	0.694789	0.017808	-0.523519	2.665651	0.523519	81.000371
-10.556257	13.611113	0.000000	0.000000	-0.681871	0.731472	0.017808	0.523519	2.658345	-1.569122	81.091234
-10.549247	13.511359	0.000000	0.000000	-0.737103	0.675780	0.070104	-1.569122	2.658345	-1.569122	81.182375
-10.557911	13.411735	0.000000	0.000000	-0.681871	0.731472	-0.086642	1.569122	2.658345	1.569122	81.273226
-10.528388	13.214548	0.000000	0.000000	-0.559187	0.829041	0.225127	1.569122	2.619518	-3.641242	81.364165
-10.490926	13.121830	0.000000	0.000000	-0.622510	0.782612	0.374619	-1.570796	2.631681	-2.598506	81.455350
-10.468430	13.024394	0.000000	0.000000	-0.681994	0.731358	0.224964	-1.570796	2.643162	1.038917	81.546115
-10.461453	12.924637	0.000000	0.000000	-0.643100	0.765782	0.069770	1.038917	2.636472	-0.517788	81.636732
-10.444168	12.826142	0.000000	0.000000	-0.662708	0.748878	0.172846	-0.517788	2.622555	1.030817	81.727560
-10.432005	12.726885	0.000000	0.000000	-0.623247	0.782025	0.121637	1.030817	2.612237	-0.513029	81.818544
-10.432005	12.726885	0.000000	0.000000	-0.623247	0.782025	0.121637	1.030817	2.612237	-0.513029	81.909443
-10.432005	12.726885	0.000000	0.000000	-0.623247	0.782025	0.121637	1.030817	2.612237	-0.513029	82.000746
-10.432005	12.726885	0.000000	0.000000	-0.623247	0.782025	0.121637	1.030817	2.612237	-0.513029	82.091230
-10.432005	12.726885	0.000000	0.000000	-0.623247	0.782025	0.121637	1.030817	2.612237	-0.513029	82.182109
-10.432005	12.726885	0.000000	0.000000	-0.623247	0.782025	0.121637	1.030817	2.612237	-0.513029	82.273075
-10.432005	12.726885	0.000000	0.000000	-0.623247	0.782025	0.121637	1.030817	2.612237	-0.513029	82.363938
-10.432005	12.726885	0.000000	0.000000	-0.623247	0.782025	0.121637	1.030817	2.612237	-0.513029	82.455492
-10.432005	12.726885	0.000000	0.000000	-0.623247	0.782025	0.121637	1.030817	2.612237	-0.513029	82.546280
-10.432005	12.726885	0.000000	0.000000	-0.623247	0.782025	0.121637	1.030817	2.612237	-0.513029	82.636839
-10.432005	12.726885	0.000000	0.000000	-0.623247	0.782025	0.121637	1.030817	2.612237	-0.513029	82.727592
-10.432005	12.726885	0.000000	0.000000	-0.623247	0.782025	0.121637	1.030817	2.612237	-0.513029	82.818444
-10.432005	12.726885	0.000000	0.000000	-0.623247	0.782025	0.121637	1.030817	2.612237	-0.513029	82.909353
-10.432005	12.726885	0.000000	0.000000	-0.623247	0.782025	0.121637	1.030817	2.612237	-0.513029	83.000564
-10.432005	12.726885	0.000000	0.000000	-0.623247	0.782025	0.121637	1.030817	2.612237	-0.513029	83.091507
-10.432005	12.726885	0.000000	0.000000	-0.623247	0.782025	0.121637	1.030817	2.612237	-0.513029	83.182150
-10.432005	12.726885	0.000000	0.000000	-0.623247	0.782025	0.121637	1.030817	2.612237	-0.513029	83.273010
-10.432005	12.726885	0.000000	0.000000	-0.623247	0.782025	0.121637	1.030817	2.612237	-0.513029	83.364012
-10.432005	12.726885	0.000000	0.000000	-0.623247	0.782025	0.121637	1.030817	2.612237	-0.513029	83.454811
-10.432005	12.726885	0.000000	0.000000	-0.623247	0.782025	0.121637	1.030817	2.612237	-0.513029	83.546719
-10.432005	12.726885	0.000000	0.000000	-0.623247	0.782025	0.121637	1.030817	2.612237	-0.513029	83.637395
-10.432005	12.726885	0.000000	0.000000	-0.623247	0.782025	0.121637	1.030817	2.612237	-0.513029	83.727537
-10.432005	12.726885	0.000000	0.000000	-0.623247	0.782025	0.121637	1.030817	2.612237	-0.513029	83.818436
-10.432005	12.726885	0.000000	0.000000	-0.623247	0.782025	0.121637	1.030817	2.612237	-0.513029	83.909353
-10.432005	12.726885	0.000000	0.000000	-0.623247	0.782025	0.121637	1.030817	2.612237	-0.513029	84.000346
-10.432005	12.726885	0.000000	0.000000	-0.623247	0.782025	0.121637	1.030817	2.612237	-0.513029	84.091162
-10.432005	12.726885	0.000000	0.000000	-0.623247	0.782025	0.121637	1.030817	2.612237	-0.513029	84.182149
-10.432005	12.726885	0.000000	0.000000	-0.623247	0.782025	0.121637	1.030817	2.612237	-0.513029	84.272962
-10.432005	12.726885	0.000000	0.000000	-0.623247	0.782025	0.121637	1.030817	2.612237	-0.513029	84.363908
-10.432005	12.726885	0.000000	0.000000	-0.623247	0.782025	0.121637	1.030817	2.612237	-0.513029	84.454798
-10.432005	12.726885	0.000000	0.000000	-0.623247	0.782025	0.121637	1.030817	2.612237	-0.513029	84.545706
-10.432005	12.726885	0.000000	0.000000	-0.623247	0.782025	0.121637	1.030817	2.612237	-0.513029	84.636696
-10.432005	12.726885	0.000000	0.000000	-0.623247	0.782025	0.121637	1.030817	2.612237	-0.513029	84.727515
-10.432005	12.726885	0.000000	0.000000	-0.623247	0.782025	0.121637	1.030817	2.612237	-0.513029	84.818438
-10.432005	12.726885	0.000000	0.000000	-0.623247	0.782025	0.121637	1.030817	2.612237	-0.513029	84.909425
-10.432005	12.726885	0.000000	0.000000	-0.623247	0.782025	0.121637	1.030817	2.612237	-0.513029	85.000595
-10.432005	12.726885	0.000000	0.000000	-0.623247	0.782025	0.121637	1.030817	2.612237	-0.513029	85.095015
-10.432005	12.726885	0.000000	0.000000	-0.623247	0.782025	0.121637	1.030817	2.612237	-0.513029	85.182069
-10.432005	12.726885	0.000000	0.000000	-0.623247	0.782025	0.121637	1.030817	2.612237	-0.513029	85.272952
-10.432005	12.726885	0.000000	0.000000	-0.623247	0.782025	0.121637	1.030817	2.612237	-0.513029	85.364074
-10.432005	12.726885	0.000000	0.000000	-0.623247	0.782025	0.121637	1.030817	2.612237	-0.513029	85.454835
-10.432005	12.726885	0.000000	0.000000	-0.623247	0.782025	0.121637	1.030817	2.612237	-0.513029	85.545709
-10.432005	12.726885	0.000000	0.000000	-0.623247	0.782025	0.121637	1.030817	2.612237	-0.513029	85.636715
-10.432005	12.726885	0.000000	0.000000	-0.623247	0.782025	0.121637	1.030817	2.612237	-0.513029	85.727922
-10.432005	12.726885	0.000000	0.000000	-0.623247	0.782025	0.121637	1.030817	2.612237	-0.513029	85.818415
-10.432005	12.726885	0.000000	0.000000	-0.623247	0.782025	0.121637	1.030817	2.612237	-0.513029	85.909356
-10.432005	12.726885	0.000000	0.000000	-0.623247	0.782025	0.121637	1.030817	2.612237	-0.513029	86.000245
-10.432005	12.726885	0.000000	0.000000	-0.623247	0.782025	0.121637	1.030817	2.612237	-0.513029	86.091255
-10.432005	12.726885	0.000000	0.000000	-0.623247	0.782025	0.121637	1.030817	2.612237	-0.513029	86.182160
-10.432005	12.726885	0.000000	0.000000	-0.623247	0.782025	0.121637	1.030817	2.612237	-0.513029	86.273006
-10.432005	12.726885	0.000000	0.000000	-0.623247	0.782025	0.121637	1.030817	2.612237	-0.513029	86.363910
-10.432005	12.726885	0.000000	0.000000	-0.623247	0.782025	0.121637	1.030817	2.612237	-0.513029	86.454849
-10.432005	12.726885	0.000000	0.000000	-0.623247	0.782025	0.121637	1.030817	2.612237	-0.513029	86.545697
-10.432005	12.726885	0.000000	0.000000	-0.623247	0.782025	0.121637	1.030817	2.612237	-0.513029	86.636605
-10.432005	12.726885	0.000000	0.000000	-0.623247	0.782025	0.121637	1.030817	2.612237	-0.513029	86.727510
-10.432005	12.726885	0.000000	0.000000	-0.623247	0.782025	0.121637	1.030817	2.612237	-0.513029	86.818426
-10.432005	12.726885	0.000000	0.000000	-0.623247	0.782025	0.121637	1.030817	2.612237	-0.513029	86.909340
